10000100|20161101|47001192
10000100|20161102|46124499
10000100|20161103|46385625
10000100|20161104|46911177
10000100|20161105|46927629
10000100|20161106|46704300
10000100|20161107|46653838
10000100|20161108|46536838
10000100|20161109|46584501
10000100|20161110|46713282
10000100|20161111|47208661
10000100|20161112|47138272
10000100|20161113|47030631
10000100|20161114|46895719
10000100|20161115|46889829
10000100|20161116|46945856
10000100|20161117|46820279
10000100|20161118|47303740
10000100|20161119|47255527
10000100|20161120|46938093
10000100|20161121|46874948
10000100|20161122|46843452
10000100|20161123|46690076
10000100|20161124|46650306
10000100|20161125|47085891
10000100|20161126|46925617
10000100|20161127|46985440
10000100|20161128|46743315
10000100|20161129|46700976
10000100|20161130|46813067
10000100|20161201|46909649
10000100|20161202|46515091
10000100|20161203|46722122
10000100|20161204|46756543
10000100|20161205|46580031
10000100|20161206|46447274
10000100|20161207|46502318
10000100|20161208|46523376
10000100|20161209|46873593
10000100|20161210|46963155
10000100|20161211|46757292
10000100|20161212|46781408
10000100|20161213|46443882
10000100|20161214|46729295
10000100|20161215|46784478
10000100|20161216|47169238
10000100|20161217|47246646
10000100|20161218|47164011
10000100|20161219|47094928
10000100|20161220|47183289
10000100|20161221|46833233
10000100|20161222|46888551
10000100|20161223|47217039
10000100|20161224|47305970
10000100|20161225|46850553
10000100|20161226|46699082
10000100|20161227|46920348
10000100|20161228|46952639
10000100|20161229|46988608
10000100|20161230|47691332
10000100|20161231|47895460
10000100|20170101|47803571
10000100|20170102|46523942
10000100|20170103|46651262
10000100|20170104|46637885
10000100|20170105|46341257
10000100|20170106|46866942
10000100|20170107|46486188
10000100|20170108|46643177
10000100|20170109|46880746
10000100|20170110|46954913
10000100|20170111|47231995
10000100|20170112|47292489
10000100|20170113|47722797
10000100|20170114|47438396
10000100|20170115|47341990
10000100|20170116|47746272
10000100|20170117|48036456
10000100|20170118|47847673
10000100|20170119|48056065
10000100|20170120|48152601
10000100|20170121|48004454
10000100|20170122|48090373
10000100|20170123|48273860
10000100|20170124|48212500
10000100|20170125|48344097
10000100|20170126|48136129
10000100|20170127|47532901
10000100|20170128|46870382
10000100|20170129|46743914
10000100|20170130|46788585
10000100|20170131|46930963
10000100|20170201|46874672
10000100|20170202|46667150
10000100|20170203|46790723
10000100|20170204|47268143
10000100|20170205|47146349
10000100|20170206|47417954
10000100|20170207|47283534
10000100|20170208|46940140
10000100|20170209|47340734
10000100|20170210|47733405
10000100|20170211|47879349
10000100|20170212|47757273
10000100|20170213|47748809
10000100|20170214|47679936
10000100|20170215|47689508
10000100|20170216|47666540
10000100|20170217|48016026
10000100|20170218|48347877
10000100|20170219|48184686
10000100|20170220|47858684
10000100|20170221|47861219
10000100|20170222|47726009
10000100|20170223|47939748
10000100|20170224|48480991
10000100|20170225|48544320
10000100|20170226|48387293
10000100|20170227|48381841
10000100|20170228|48339617
10000100|20170301|48407116
10000100|20170302|47464604
10000100|20170303|48042940
10000100|20170304|48185735
10000100|20170305|48035974
10000100|20170306|47856146
10000100|20170307|47842873
10000100|20170308|48045471
10000100|20170309|47941433
10000100|20170310|48354678
10000100|20170311|48371084
10000100|20170312|48085622
10000100|20170313|47838717
10000100|20170314|48093751
10000100|20170315|48146697
10000100|20170316|48218847
10000100|20170317|48640074
10000100|20170318|48619432
10000100|20170319|48378546
10000100|20170320|48184520
10000100|20170321|48341392
10000100|20170322|48071696
10000100|20170323|48173482
10000100|20170324|48551750
10000100|20170325|48872974
10000100|20170326|48675521
10000100|20170327|48513551
10000100|20170328|48367977
10000100|20170329|48449905
10000100|20170330|48395253
10000100|20170331|48702420
10000100|20170401|49279200
10000100|20170402|48481486
10000100|20170403|48432626
10000100|20170404|48190285
10000100|20170405|48130003
10000100|20170406|47823527
10000100|20170407|48202097
10000100|20170408|48227832
10000100|20170409|47849280
10000100|20170410|47895515
10000100|20170411|48108374
10000100|20170412|48211064
10000100|20170413|48206418
10000100|20170414|48567367
10000100|20170415|48613047
10000100|20170416|48427362
10000100|20170417|48368939
10000100|20170418|48327014
10000100|20170419|48297728
10000100|20170420|48323379
10000100|20170421|48586014
10000100|20170422|48650022
10000100|20170423|48441454
10000100|20170424|48340783
10000100|20170425|48324479
10000100|20170426|48410745
10000100|20170427|48503273
10000100|20170428|49065419
10000100|20170429|49120456
10000100|20170430|49090125
10000100|20170501|49083409
10000100|20170502|47860512
10000100|20170503|47963803
10000100|20170504|47931552
10000100|20170505|48316234
10000100|20170506|48226090
10000100|20170507|48090634
10000100|20170508|47836601
10000100|20170509|48088820
10000100|20170510|48118892
10000100|20170511|48096184
10000100|20170512|48488708
10000100|20170513|48579576
10000100|20170514|48703194
10000100|20170515|48221624
10000100|20170516|48250472
10000100|20170517|48204105
10000100|20170518|48193437
10000100|20170519|48468116
10000100|20170520|48599785
10000100|20170521|48363566
10000100|20170522|48300593
10000100|20170523|48264971
10000100|20170524|48349687
10000100|20170525|48398337
10000100|20170526|48524485
10000100|20170527|48922230
10000100|20170528|48847055
10000100|20170529|48810847
10000100|20170530|48758543
10000100|20170531|48489244
10000100|20170601|48509796
10000100|20170602|47742372
10000100|20170603|47831911
10000100|20170604|47731136
10000100|20170605|47737884
10000100|20170606|47931100
10000100|20170607|48032152
10000100|20170608|48014316
10000100|20170609|48291993
10000100|20170610|48113043
10000100|20170611|48197433
10000100|20170612|48190405
10000100|20170613|48231443
10000100|20170614|48243984
10000100|20170615|48342306
10000100|20170616|48556814
10000100|20170617|48561386
10000100|20170618|48553574
10000100|20170619|48459277
10000100|20170620|48586811
10000100|20170621|48558347
10000100|20170622|48563625
10000100|20170623|48798265
10000100|20170624|48772758
10000100|20170625|48610414
10000100|20170626|48896805
10000100|20170627|49061944
10000100|20170628|49103366
10000100|20170629|49192962
10000100|20170630|49501091
10000100|20170701|49099813
10000100|20170702|47946815
10000100|20170703|48513249
10000100|20170704|48584980
10000100|20170705|48524727
10000100|20170706|48483546
10000100|20170707|48594644
10000100|20170708|48324956
10000100|20170709|48185416
10000100|20170710|48592918
10000100|20170711|48630781
10000100|20170712|48605311
10000100|20170713|48587108
10000100|20170714|48709669
10000100|20170715|48543532
10000100|20170716|48346843
10000100|20170717|48596355
10000100|20170718|48645327
10000100|20170719|48633112
10000100|20170720|48622421
10000100|20170721|48718662
10000100|20170722|48517493
10000100|20170723|48203542
10000100|20170724|48512146
10000100|20170725|48548618
10000100|20170726|48519404
10000100|20170727|48468439
10000100|20170728|48581585
10000100|20170729|48381583
10000100|20170730|48273128
10000100|20170731|48493805
10000100|20170801|48514837
10000100|20170802|47630269
10000100|20170803|47821404
10000100|20170804|48015847
10000100|20170805|47816769
10000100|20170806|47558046
10000100|20170807|48027920
10000100|20170808|48077647
10000100|20170809|48199150
10000100|20170810|48217764
10000100|20170811|48227203
10000100|20170812|47965456
10000100|20170813|47995744
10000100|20170814|48270886
10000100|20170815|48387973
10000100|20170816|48483107
10000100|20170817|48458505
10000100|20170818|48578433
10000100|20170819|48480482
10000100|20170820|48430101
10000100|20170821|48577752
10000100|20170822|48680849
10000100|20170823|48640438
10000100|20170824|48695792
10000100|20170825|48972602
10000100|20170826|48825839
10000100|20170827|48660091
10000100|20170828|49024886
10000100|20170829|49140703
10000100|20170830|49191825
10000100|20170831|49252997
10000100|20170901|49173292
10000100|20170902|48144151
10000100|20170903|48069806
10000100|20170904|48271351
10000100|20170905|48395595
10000100|20170906|48280709
10000100|20170907|48377618
10000100|20170908|48748879
10000100|20170909|48765499
10000100|20170910|48559891
10000100|20170911|48630548
10000100|20170912|48637739
10000100|20170913|48631169
10000100|20170914|48623121
10000100|20170915|48986447
10000100|20170916|49051888
10000100|20170917|48794197
10000100|20170918|48785401
10000100|20170919|48790326
10000100|20170920|48835830
10000100|20170921|48885109
10000100|20170922|49096825
10000100|20170923|49140380
10000100|20170924|48765001
10000100|20170925|48892519
10000100|20170926|49096542
10000100|20170927|49130303
10000100|20170928|49254232
10000100|20170929|49414381
10000100|20170930|50029257
10000100|20171001|49969078
10000100|20171002|48592583
10000100|20171003|48867811
10000100|20171004|48950529
10000100|20171005|48533750
10000100|20171006|48710035
10000100|20171007|48722399
10000100|20171008|48748176
10000100|20171009|48796483
10000100|20171010|48818787
10000100|20171011|48680426
10000100|20171012|48675172
10000100|20171013|49132488
10000100|20171014|49091444
10000100|20171015|48887489
10000100|20171016|48864195
10000100|20171017|48962677
10000100|20171018|48935909
10000100|20171019|48997370
10000100|20171020|49342785
10000100|20171021|49445850
10000100|20171022|49306794
10000100|20171023|49112879
10000100|20171024|49100527
10000100|20171025|49238932
10000100|20171026|49294826
10000100|20171027|49643384
10000100|20171028|49854862
10000100|20171029|49363065
10000100|20171030|49345022
10000100|20171031|49372276
10000100|20171101|49272866
10000100|20171102|48526869
10000100|20171103|48994236
10000100|20171104|49087214
10000100|20171105|48833573
10000100|20171106|48876399
10000100|20171107|48952466
10000100|20171108|48969132
10000100|20171109|49003510
10000100|20171110|49343549
10000100|20171111|49450822
10000100|20171112|49248731
10000100|20171113|49244658
10000100|20171114|49273556
10000100|20171115|49349131
10000100|20171116|49342358
10000100|20171117|49708082
10000100|20171118|49657430
10000100|20171119|49390315
10000100|20171120|49376093
10000100|20171121|49361650
10000100|20171122|49383935
10000100|20171123|49418718
10000100|20171124|49689008
10000100|20171125|49869909
10000100|20171126|49564699
10000100|20171127|49427394
10000100|20171128|49451305
10000100|20171129|49403396
10000100|20171130|49457529
10000100|20171201|49775374
10000100|20171202|49025414
10000100|20171203|49147080
10000100|20171204|48927641
10000100|20171205|48873978
10000100|20171206|49048180
10000100|20171207|49132965
10000100|20171208|49393008
10000100|20171209|49585668
10000100|20171210|49467686
10000100|20171211|49221830
10000100|20171212|49252443
10000100|20171213|49313753
10000100|20171214|49397489
10000100|20171215|49690901
10000100|20171216|49748890
10000100|20171217|49501669
10000100|20171218|49517448
10000100|20171219|49582059
10000100|20171220|49620539
10000100|20171221|49686856
10000100|20171222|50027275
10000100|20171223|50005981
10000100|20171224|49682934
10000100|20171225|49633155
10000100|20171226|49678922
10000100|20171227|49683039
10000100|20171228|49716168
10000100|20171229|50205782
10000100|20171230|50195191
10000100|20171231|50117629
10000100|20180101|49762005
10000100|20180102|48841899
10000100|20180103|48763687
10000100|20180104|49307208
10000100|20180105|48990391
10000100|20180106|48877002
10000100|20180107|48418701
10000100|20180108|48841434
10000100|20180109|48941796
10000100|20180110|49001542
10000100|20180111|48973440
10000100|20180112|49283789
10000100|20180113|49317791
10000100|20180114|49167501
10000100|20180115|49276268
10000100|20180116|49209250
10000100|20180117|49242422
10000100|20180118|49231270
10000100|20180119|49525258
10000100|20180120|49512673
10000100|20180121|49289948
10000100|20180122|49463147
10000100|20180123|49494610
10000100|20180124|49628701
10000100|20180125|49763614
10000100|20180126|49497949
10000100|20180127|49363747
10000100|20180128|48717470
10000100|20180129|49473038
10000100|20180130|49581385
10000100|20180131|49686628
10000100|20180201|49665190
10000100|20180202|49072145
10000100|20180203|49288697
10000100|20180204|49033398
10000100|20180205|49476938
10000100|20180206|49480486
10000100|20180207|49634288
10000100|20180208|49718424
10000100|20180209|49866839
10000100|20180210|49746365
10000100|20180211|49861666
10000100|20180212|49904230
10000100|20180213|49999760
10000100|20180214|49884460
10000100|20180215|49271244
10000100|20180216|48783800
10000100|20180217|48877977
10000100|20180218|48652782
10000100|20180219|48621205
10000100|20180220|48876206
10000100|20180221|49007665
10000100|20180222|49555047
10000100|20180223|49944820
10000100|20180224|49891197
10000100|20180225|49855639
10000100|20180226|50019594
10000100|20180227|49946659
10000100|20180228|49857146
10000100|20180301|49826211
10000100|20180302|49542521
10000100|20180303|49631970
10000100|20180304|49362054
10000100|20180305|49498377
10000100|20180306|49432731
10000100|20180307|49295125
10000100|20180308|49535426
10000100|20180309|49874471
10000100|20180310|49995394
10000100|20180311|49826701
10000100|20180312|49802837
10000100|20180313|49801775
10000100|20180314|49798802
10000100|20180315|49859676
10000100|20180316|50097045
10000100|20180317|50133169
10000100|20180318|49811126
10000100|20180319|49804186
10000100|20180320|49630364
10000100|20180321|49868112
10000100|20180322|50019369
10000100|20180323|50396078
10000100|20180324|50450304
10000100|20180325|50239697
10000100|20180326|50149281
10000100|20180327|50125272
10000100|20180328|50176642
10000100|20180329|50084050
10000100|20180330|50367582
10000100|20180331|50455922
10000100|20180401|50252751
10000100|20180402|49483902
10000100|20180403|49729008
10000100|20180404|50297246
10000100|20180405|49755383
10000100|20180406|49810717
10000100|20180407|49756407
10000100|20180408|49727848
10000100|20180409|49695329
10000100|20180410|49860694
10000100|20180411|49822252
10000100|20180412|49692137
10000100|20180413|50035680
10000100|20180414|50050032
10000100|20180415|49961242
10000100|20180416|49857533
10000100|20180417|49975581
10000100|20180418|49987825
10000100|20180419|49989497
10000100|20180420|50218686
10000100|20180421|50269301
10000100|20180422|49951899
10000100|20180423|49930401
10000100|20180424|50014175
10000100|20180425|50097083
10000100|20180426|50039685
10000100|20180427|50182713
10000100|20180428|50522943
10000100|20180429|50508795
10000100|20180430|50300686
10000100|20180501|50331949
10000100|20180502|49457453
10000100|20180503|49540356
10000100|20180504|49774397
10000100|20180505|49662099
10000100|20180506|49233004
10000100|20180507|49653149
10000100|20180508|49658963
10000100|20180509|49744664
10000100|20180510|49738240
10000100|20180511|50030787
10000100|20180512|50068708
10000100|20180513|50150186
10000100|20180514|49745617
10000100|20180515|49818504
10000100|20180516|49913508
10000100|20180517|49810881
10000100|20180518|50018363
10000100|20180519|50024042
10000100|20180520|49803146
10000100|20180521|49806850
10000100|20180522|49848918
10000100|20180523|49910904
10000100|20180524|49863503
10000100|20180525|50110665
10000100|20180526|50179313
10000100|20180527|49897349
10000100|20180528|49862395
10000100|20180529|49884247
10000100|20180530|49939620
10000100|20180531|50026836
10000100|20180601|50310294
10000100|20180602|49563806
10000100|20180603|49478590
10000100|20180604|49536696
10000100|20180605|49714875
10000100|20180606|49690348
10000100|20180607|49744300
10000100|20180608|49940274
10000100|20180609|49984662
10000100|20180610|49790034
10000100|20180611|49816584
10000100|20180612|49872157
10000100|20180613|49885522
10000100|20180614|49940543
10000100|20180615|50188796
10000100|20180616|50115010
10000100|20180617|50188890
10000100|20180618|49884113
10000100|20180619|49916888
10000100|20180620|49914829
10000100|20180621|49982374
10000100|20180622|50117080
10000100|20180623|50036334
10000100|20180624|49694466