10000100.0 20161101.0 47001192.0 0.19931889550031784
10000100.0 20161102.0 46124499.0 0.0
10000100.0 20161103.0 46385625.0 0.05936781279925355
10000100.0 20161104.0 46911177.0 0.17885370371886058
10000100.0 20161105.0 46927629.0 0.18259411737423506
10000100.0 20161106.0 46704300.0 0.13181957073910683
10000100.0 20161107.0 46653838.0 0.12034687721385108
10000100.0 20161108.0 46536838.0 0.09374656128394496
10000100.0 20161109.0 46584501.0 0.10458289340503142
10000100.0 20161110.0 46713282.0 0.13386165653126425
10000100.0 20161111.0 47208661.0 0.24648762153161435
10000100.0 20161112.0 47138272.0 0.23048446223255314
10000100.0 20161113.0 47030631.0 0.20601194422391192
10000100.0 20161114.0 46895719.0 0.1753392790723265
10000100.0 20161115.0 46889829.0 0.17400016915072694
10000100.0 20161116.0 46945856.0 0.18673808283111026
10000100.0 20161117.0 46820279.0 0.1581877591257272
10000100.0 20161118.0 47303740.0 0.2681041295512686
10000100.0 20161119.0 47255527.0 0.2571427532099988
10000100.0 20161120.0 46938093.0 0.18497314050150462
10000100.0 20161121.0 46874948.0 0.17061692725882152
10000100.0 20161122.0 46843452.0 0.16345621315174183
10000100.0 20161123.0 46690076.0 0.12858569985203858
10000100.0 20161124.0 46650306.0 0.11954386596714657
10000100.0 20161125.0 47085891.0 0.2185754780554214
10000100.0 20161126.0 46925617.0 0.18213668288149173
10000100.0 20161127.0 46985440.0 0.19573762903426759
10000100.0 20161128.0 46743315.0 0.1406897530126563
10000100.0 20161129.0 46700976.0 0.13106384894294437
10000100.0 20161130.0 46813067.0 0.15654808836943246
10000100.0 20161201.0 46909649.0 0.17850630813987856
10000100.0 20161202.0 46515091.0 0.08880231281789651
10000100.0 20161203.0 46722122.0 0.1358714581793016
10000100.0 20161204.0 46756543.0 0.14369718018462893
10000100.0 20161205.0 46580031.0 0.10356662492463244
10000100.0 20161206.0 46447274.0 0.07338390576303802
10000100.0 20161207.0 46502318.0 0.08589833131898462
10000100.0 20161208.0 46523376.0 0.09068593348011252
10000100.0 20161209.0 46873593.0 0.17030886377091536
10000100.0 20161210.0 46963155.0 0.19067106458556707
10000100.0 20161211.0 46757292.0 0.14386746767720585
10000100.0 20161212.0 46781408.0 0.149350315702553
10000100.0 20161213.0 46443882.0 0.07261272395419835
10000100.0 20161214.0 46729295.0 0.1375022621636197
10000100.0 20161215.0 46784478.0 0.15004828980430351
10000100.0 20161216.0 47169238.0 0.23752467918200162
10000100.0 20161217.0 47246646.0 0.2551236300837296
10000100.0 20161218.0 47164011.0 0.23633630438400488
10000100.0 20161219.0 47094928.0 0.22063006826959716
10000100.0 20161220.0 47183289.0 0.24071921797799403
10000100.0 20161221.0 46833233.0 0.16113289154073576
10000100.0 20161222.0 46888551.0 0.17370961185364642
10000100.0 20161223.0 47217039.0 0.24839238603469774
10000100.0 20161224.0 47305970.0 0.26861112702583007
10000100.0 20161225.0 46850553.0 0.1650706477108723
10000100.0 20161226.0 46699082.0 0.13063324211925853
10000100.0 20161227.0 46920348.0 0.18093875925213554
10000100.0 20161228.0 46952639.0 0.188280219095662
10000100.0 20161229.0 46988608.0 0.1964578837425235
10000100.0 20161230.0 47691332.0 0.356224382986347
10000100.0 20161231.0 47895460.0 0.4026335222183117
10000100.0 20170101.0 47803571.0 0.38174227067572075
10000100.0 20170102.0 46523942.0 0.09081461535033752
10000100.0 20170103.0 46651262.0 0.11976121555713794
10000100.0 20170104.0 46637885.0 0.116719912769152
10000100.0 20170105.0 46341257.0 0.04928060923362898
10000100.0 20170106.0 46866942.0 0.16879673811920762
10000100.0 20170107.0 46486188.0 0.08223112537069928
10000100.0 20170108.0 46643177.0 0.11792306552044314
10000100.0 20170109.0 46880746.0 0.17193512069268133
10000100.0 20170110.0 46954913.0 0.18879722010783814
10000100.0 20170111.0 47231995.0 0.2517926794111736
10000100.0 20170112.0 47292489.0 0.2655461795125731
10000100.0 20170113.0 47722797.0 0.36337804914647087
10000100.0 20170114.0 47438396.0 0.2987185923021869
10000100.0 20170115.0 47341990.0 0.2768003866821994
10000100.0 20170116.0 47746272.0 0.3687151638170226
10000100.0 20170117.0 48036456.0 0.43468940379825227
10000100.0 20170118.0 47847673.0 0.39176899830940215
10000100.0 20170119.0 48056065.0 0.43914757127747905
10000100.0 20170120.0 48152601.0 0.46109533280405524
10000100.0 20170121.0 48004454.0 0.42741364900860396
10000100.0 20170122.0 48090373.0 0.4469476023793869
10000100.0 20170123.0 48273860.0 0.4886639457044355
10000100.0 20170124.0 48212500.0 0.4747135577945292
10000100.0 20170125.0 48344097.0 0.5046325473281006
10000100.0 20170126.0 48136129.0 0.45735037208612866
10000100.0 20170127.0 47532901.0 0.3202045996265952
10000100.0 20170128.0 46870382.0 0.16957883287817238
10000100.0 20170129.0 46743914.0 0.14082593753609232
10000100.0 20170130.0 46788585.0 0.15098202909938152
10000100.0 20170131.0 46930963.0 0.1833521127016736
10000100.0 20170201.0 46874672.0 0.17055417779560225
10000100.0 20170202.0 46667150.0 0.12337340204854262
10000100.0 20170203.0 46790723.0 0.1514681100862032
10000100.0 20170204.0 47268143.0 0.2600110402678765
10000100.0 20170205.0 47146349.0 0.2323207934442271
10000100.0 20170206.0 47417954.0 0.2940710396676643
10000100.0 20170207.0 47283534.0 0.26351023225486103
10000100.0 20170208.0 46940140.0 0.18543853235371419
10000100.0 20170209.0 47340734.0 0.2765148311539263
10000100.0 20170210.0 47733405.0 0.3657898111241157
10000100.0 20170211.0 47879349.0 0.3989706359794509
10000100.0 20170212.0 47757273.0 0.37121627557381653
10000100.0 20170213.0 47748809.0 0.36929195870175907
10000100.0 20170214.0 47679936.0 0.35363346674414864
10000100.0 20170215.0 47689508.0 0.3558096908815936
10000100.0 20170216.0 47666540.0 0.35058784424673817
10000100.0 20170217.0 48016026.0 0.430044579401261
10000100.0 20170218.0 48347877.0 0.5054919421504513
10000100.0 20170219.0 48184686.0 0.4683899579032949
10000100.0 20170220.0 47858684.0 0.3942723835974722
10000100.0 20170221.0 47861219.0 0.3948487237759535
10000100.0 20170222.0 47726009.0 0.36410830739234146
10000100.0 20170223.0 47939748.0 0.4127025375337278
10000100.0 20170224.0 48480991.0 0.5357558263786012
10000100.0 20170225.0 48544320.0 0.5501538725967637
10000100.0 20170226.0 48387293.0 0.5144532930281709
10000100.0 20170227.0 48381841.0 0.5132137637764628
10000100.0 20170228.0 48339617.0 0.5036140053164255
10000100.0 20170301.0 48407116.0 0.5189601140767053
10000100.0 20170302.0 47464604.0 0.3046770630704858
10000100.0 20170303.0 48042940.0 0.43616356147764984
10000100.0 20170304.0 48185735.0 0.46862845133415365
10000100.0 20170305.0 48035974.0 0.4345798195907462
10000100.0 20170306.0 47856146.0 0.3936953613596081
10000100.0 20170307.0 47842873.0 0.39067770329689316
10000100.0 20170308.0 48045471.0 0.43673899224362067
10000100.0 20170309.0 47941433.0 0.413085627553744
10000100.0 20170310.0 48354678.0 0.5070381707713
10000100.0 20170311.0 48371084.0 0.5107681261828046
10000100.0 20170312.0 48085622.0 0.44586744767013065
10000100.0 20170313.0 47838717.0 0.3897328236985625
10000100.0 20170314.0 48093751.0 0.4477156012444401
10000100.0 20170315.0 48146697.0 0.45975303993866923
10000100.0 20170316.0 48218847.0 0.47615656809544465
10000100.0 20170317.0 48640074.0 0.571923843977552
10000100.0 20170318.0 48619432.0 0.5672308207175083
10000100.0 20170319.0 48378546.0 0.5124646352210008
10000100.0 20170320.0 48184520.0 0.4683522172841123
10000100.0 20170321.0 48341392.0 0.5040175571179263
10000100.0 20170322.0 48071696.0 0.442701328015089
10000100.0 20170323.0 48173482.0 0.46584269346159685
10000100.0 20170324.0 48551750.0 0.5518431063348767
10000100.0 20170325.0 48872974.0 0.6248743873969976
10000100.0 20170326.0 48675521.0 0.5799828302918032
10000100.0 20170327.0 48513551.0 0.5431584442134537
10000100.0 20170328.0 48367977.0 0.5100617400153327
10000100.0 20170329.0 48449905.0 0.52868832705384
10000100.0 20170330.0 48395253.0 0.5162630239239149
10000100.0 20170331.0 48702420.0 0.586098402071278
10000100.0 20170401.0 49279200.0 0.717231139011887
10000100.0 20170402.0 48481486.0 0.5358683661767661
10000100.0 20170403.0 48432626.0 0.5247598923619353
10000100.0 20170404.0 48190285.0 0.4696629080647611
10000100.0 20170405.0 48130003.0 0.45595760682641406
10000100.0 20170406.0 47823527.0 0.3862793296902268
10000100.0 20170407.0 48202097.0 0.47234840320804355
10000100.0 20170408.0 48227832.0 0.4781993359469849
10000100.0 20170409.0 47849280.0 0.39213435478546504
10000100.0 20170410.0 47895515.0 0.40264602664033006
10000100.0 20170411.0 48108374.0 0.45104018602942314
10000100.0 20170412.0 48211064.0 0.4743870787032869
10000100.0 20170413.0 48206418.0 0.4733307960724292
10000100.0 20170414.0 48567367.0 0.5553936801287
10000100.0 20170415.0 48613047.0 0.5657791709977438
10000100.0 20170416.0 48427362.0 0.523563105498217
10000100.0 20170417.0 48368939.0 0.5102804537240897
10000100.0 20170418.0 48327014.0 0.5007486738492066
10000100.0 20170419.0 48297728.0 0.49409041015413635
10000100.0 20170420.0 48323379.0 0.4999222452303587
10000100.0 20170421.0 48586014.0 0.5596331338991698
10000100.0 20170422.0 48650022.0 0.574185552890977
10000100.0 20170423.0 48441454.0 0.5267669657724413
10000100.0 20170424.0 48340783.0 0.5038790990632142
10000100.0 20170425.0 48324479.0 0.5001723336707253
10000100.0 20170426.0 48410745.0 0.5197851785767876
10000100.0 20170427.0 48503273.0 0.5408217087679188
10000100.0 20170428.0 49065419.0 0.6686273600391411
10000100.0 20170429.0 49120456.0 0.6811401941231945
10000100.0 20170430.0 49090125.0 0.6742443464097758
10000100.0 20170501.0 49083409.0 0.6727174428047736
10000100.0 20170502.0 47860512.0 0.394687985114736
10000100.0 20170503.0 47963803.0 0.41817151701829103
10000100.0 20170504.0 47931552.0 0.41083915129986875
10000100.0 20170505.0 48316234.0 0.4982978071336136
10000100.0 20170506.0 48226090.0 0.47780328679869516
10000100.0 20170507.0 48090634.0 0.4470069415456921
10000100.0 20170508.0 47836601.0 0.3892517444805481
10000100.0 20170509.0 48088820.0 0.44659452297221475
10000100.0 20170510.0 48118892.0 0.45343148622558344
10000100.0 20170511.0 48096184.0 0.44826875140390554
10000100.0 20170512.0 48488708.0 0.537510310464337
10000100.0 20170513.0 48579576.0 0.5581694344636421
10000100.0 20170514.0 48703194.0 0.586274373392045
10000100.0 20170515.0 48221624.0 0.47678792773080664
10000100.0 20170516.0 48250472.0 0.4833466107559855
10000100.0 20170517.0 48204105.0 0.47280492828827647
10000100.0 20170518.0 48193437.0 0.4703795251229753
10000100.0 20170519.0 48468116.0 0.5328286548606734
10000100.0 20170520.0 48599785.0 0.5627640138194325
10000100.0 20170521.0 48363566.0 0.5090588853694624
10000100.0 20170522.0 48300593.0 0.49474177686472764
10000100.0 20170523.0 48264971.0 0.48664300375314545
10000100.0 20170524.0 48349687.0 0.5059034513114183
10000100.0 20170525.0 48398337.0 0.516964180969452
10000100.0 20170526.0 48524485.0 0.545644323310698
10000100.0 20170527.0 48922230.0 0.6360728930503605
10000100.0 20170528.0 48847055.0 0.6189816216825769
10000100.0 20170529.0 48810847.0 0.6107496196382175
10000100.0 20170530.0 48758543.0 0.5988581416519114
10000100.0 20170531.0 48489244.0 0.5376321717407337
10000100.0 20170601.0 48509796.0 0.542304733219293
10000100.0 20170602.0 47742372.0 0.367828486619359
10000100.0 20170603.0 47831911.0 0.3881854583120758
10000100.0 20170604.0 47731136.0 0.36527394687757764
10000100.0 20170605.0 47737884.0 0.36680812578266314
10000100.0 20170606.0 47931100.0 0.41073638768619086
10000100.0 20170607.0 48032152.0 0.4337108759370359
10000100.0 20170608.0 48014316.0 0.42965580555305466
10000100.0 20170609.0 48291993.0 0.4927865399673157
10000100.0 20170610.0 48113043.0 0.4521016977822157
10000100.0 20170611.0 48197433.0 0.471288028220889
10000100.0 20170612.0 48190405.0 0.4696901904400738
10000100.0 20170613.0 48231443.0 0.4790203080907703
10000100.0 20170614.0 48243984.0 0.4818715436640776
10000100.0 20170615.0 48342306.0 0.5042253578765582
10000100.0 20170616.0 48556814.0 0.5529944225730735
10000100.0 20170617.0 48561386.0 0.5540338810724884
10000100.0 20170618.0 48553574.0 0.55225779843963
10000100.0 20170619.0 48459277.0 0.5308190805657637
10000100.0 20170620.0 48586811.0 0.5598143343418718
10000100.0 20170621.0 48558347.0 0.5533429549176936
10000100.0 20170622.0 48563625.0 0.5545429247251983
10000100.0 20170623.0 48798265.0 0.6078890625866784
10000100.0 20170624.0 48772758.0 0.6020899663608312
10000100.0 20170625.0 48610414.0 0.565180550212757
10000100.0 20170626.0 48896805.0 0.630292439780977
10000100.0 20170627.0 49061944.0 0.6678373079207102
10000100.0 20170628.0 49103366.0 0.6772547291724074
10000100.0 20170629.0 49192962.0 0.6976246599933976
10000100.0 20170630.0 49501091.0 0.7676787518495177
10000100.0 20170701.0 49099813.0 0.6764469435100231
10000100.0 20170702.0 47946815.0 0.4143092420865197
10000100.0 20170703.0 48513249.0 0.5430897835689167
10000100.0 20170704.0 48584980.0 0.5593980507652252
10000100.0 20170705.0 48524727.0 0.5456993427675787
10000100.0 20170706.0 48483546.0 0.5363367136196345
10000100.0 20170707.0 48594644.0 0.5615951913904099
10000100.0 20170708.0 48324956.0 0.5002807811125934
10000100.0 20170709.0 48185416.0 0.46855592568644727
10000100.0 20170710.0 48592918.0 0.5612027798921618
10000100.0 20170711.0 48630781.0 0.5698110513627092
10000100.0 20170712.0 48605311.0 0.5640203672025834
10000100.0 20170713.0 48587108.0 0.5598818582207707
10000100.0 20170714.0 48709669.0 0.5877464848932941
10000100.0 20170715.0 48543532.0 0.5499747183322102
10000100.0 20170716.0 48346843.0 0.5052568590165067
10000100.0 20170717.0 48596355.0 0.5619841925917438
10000100.0 20170718.0 48645327.0 0.5731181299568666
10000100.0 20170719.0 48633112.0 0.5703410115031589
10000100.0 20170720.0 48622421.0 0.5679103792159227
10000100.0 20170721.0 48718662.0 0.5897910715698551
10000100.0 20170722.0 48517493.0 0.5440546702424767
10000100.0 20170723.0 48203542.0 0.4726769284774343
10000100.0 20170724.0 48512146.0 0.5428390130691672
10000100.0 20170725.0 48548618.0 0.5511310363392145
10000100.0 20170726.0 48519404.0 0.5444891420693317
10000100.0 20170727.0 48468439.0 0.5329020899208902
10000100.0 20170728.0 48581585.0 0.5586261868970027
10000100.0 20170729.0 48381583.0 0.5131551066695405
10000100.0 20170730.0 48273128.0 0.4884975232150279
10000100.0 20170731.0 48493805.0 0.5386691293557448
10000100.0 20170801.0 48514837.0 0.543450820335555
10000100.0 20170802.0 47630269.0 0.34234151895533965
10000100.0 20170803.0 47821404.0 0.38579665900031923
10000100.0 20170804.0 48015847.0 0.4300038831914195
10000100.0 20170805.0 47816769.0 0.38474287725386525
10000100.0 20170806.0 47558046.0 0.325921394020249
10000100.0 20170807.0 48027920.0 0.4327487175010072
10000100.0 20170808.0 48077647.0 0.4440543064774725
10000100.0 20170809.0 48199150.0 0.47167839354098856
10000100.0 20170810.0 48217764.0 0.47591034465824733
10000100.0 20170811.0 48227203.0 0.4780563308297207
10000100.0 20170812.0 47965456.0 0.4185473317382238
10000100.0 20170813.0 47995744.0 0.4254334032671554
10000100.0 20170814.0 48270886.0 0.48798779750293514
10000100.0 20170815.0 48387973.0 0.5146078931549429
10000100.0 20170816.0 48483107.0 0.5362369055966155
10000100.0 20170817.0 48458505.0 0.5306435639512519
10000100.0 20170818.0 48578433.0 0.5579095698387885
10000100.0 20170819.0 48480482.0 0.5356401036366497
10000100.0 20170820.0 48430101.0 0.52418582571473
10000100.0 20170821.0 48577752.0 0.5577547423588888
10000100.0 20170822.0 48680849.0 0.5811941677556881
10000100.0 20170823.0 48640438.0 0.5720066005160006
10000100.0 20170824.0 48695792.0 0.5845915055415052
10000100.0 20170825.0 48972602.0 0.6475251247941317
10000100.0 20170826.0 48825839.0 0.6141580977272872
10000100.0 20170827.0 48660091.0 0.5764747715328421
10000100.0 20170828.0 49024886.0 0.6594120557178856
10000100.0 20170829.0 49140703.0 0.6857434128978339
10000100.0 20170830.0 49191825.0 0.6973661594873096
10000100.0 20170831.0 49252997.0 0.711273805009226
10000100.0 20170901.0 49173292.0 0.693152623973387
10000100.0 20170902.0 48144151.0 0.45917419887578426
10000100.0 20170903.0 48069806.0 0.44227163060391356
10000100.0 20170904.0 48271351.0 0.4880935167072719
10000100.0 20170905.0 48395595.0 0.5163407786935562
10000100.0 20170906.0 48280709.0 0.4902210872754092
10000100.0 20170907.0 48377618.0 0.5122536515185825
10000100.0 20170908.0 48748879.0 0.5966610010267267
10000100.0 20170909.0 48765499.0 0.600439610007539
10000100.0 20170910.0 48559891.0 0.5536939881467173
10000100.0 20170911.0 48630548.0 0.5697580780839769
10000100.0 20170912.0 48637739.0 0.5713929744245919
10000100.0 20170913.0 48631169.0 0.5698992643762203
10000100.0 20170914.0 48623121.0 0.568069526405247
10000100.0 20170915.0 48986447.0 0.6506728288458373
10000100.0 20170916.0 49051888.0 0.6655510448695039
10000100.0 20170917.0 48794197.0 0.606964190063577
10000100.0 20170918.0 48785401.0 0.6049643919531543
10000100.0 20170919.0 48790326.0 0.6060841061066141
10000100.0 20170920.0 48835830.0 0.6164295828251991
10000100.0 20170921.0 48885109.0 0.6276333176004969
10000100.0 20170922.0 49096825.0 0.6757676123647363
10000100.0 20170923.0 49140380.0 0.6856699778376171
10000100.0 20170924.0 48765001.0 0.6003263881499912
10000100.0 20170925.0 48892519.0 0.6293180042760577
10000100.0 20170926.0 49096542.0 0.6757032714296237
10000100.0 20170927.0 49130303.0 0.6833789403707311
10000100.0 20170928.0 49254232.0 0.7115545861218194
10000100.0 20170929.0 49414381.0 0.7479649621547984
10000100.0 20170930.0 50029257.0 0.8877589438446869
10000100.0 20171001.0 49969078.0 0.8740770599784833
10000100.0 20171002.0 48592583.0 0.5611266165944139
10000100.0 20171003.0 48867811.0 0.6237005631991677
10000100.0 20171004.0 48950529.0 0.6425067592084838
10000100.0 20171005.0 48533750.0 0.547750750037968
10000100.0 20171006.0 48710035.0 0.5878296961379978
10000100.0 20171007.0 48722399.0 0.5906406902077189
10000100.0 20171008.0 48748176.0 0.5965011717780196
10000100.0 20171009.0 48796483.0 0.6074839193132844
10000100.0 20171010.0 48818787.0 0.6125548034714094
10000100.0 20171011.0 48680426.0 0.5810979973827108
10000100.0 20171012.0 48675172.0 0.5799034840502687
10000100.0 20171013.0 49132488.0 0.6838757069545502
10000100.0 20171014.0 49091444.0 0.6745442251850882
10000100.0 20171015.0 48887489.0 0.6281744180441993
10000100.0 20171016.0 48864195.0 0.6228784542897443
10000100.0 20171017.0 48962677.0 0.6452686450026418
10000100.0 20171018.0 48935909.0 0.6391828564828835
10000100.0 20171019.0 48997370.0 0.653156207058678
10000100.0 20171020.0 49342785.0 0.7316873876307167
10000100.0 20171021.0 49445850.0 0.7551195377274327
10000100.0 20171022.0 49306794.0 0.7235047212150478
10000100.0 20171023.0 49112879.0 0.6794175394753236
10000100.0 20171024.0 49100527.0 0.6766092736431338
10000100.0 20171025.0 49238932.0 0.7080760832694472
10000100.0 20171026.0 49294826.0 0.7207837589838588
10000100.0 20171027.0 49643384.0 0.8000295104359633
10000100.0 20171028.0 49854862.0 0.8481096951558323
10000100.0 20171029.0 49363065.0 0.7362981090585671
10000100.0 20171030.0 49345022.0 0.7321959765771714
10000100.0 20171031.0 49372276.0 0.7383922587169462
10000100.0 20171101.0 49272866.0 0.7157910843016303
10000100.0 20171102.0 48526869.0 0.5461863331669109
10000100.0 20171103.0 48994236.0 0.6524436823567608
10000100.0 20171104.0 49087214.0 0.6735825214553146
10000100.0 20171105.0 48833573.0 0.6159164468161923
10000100.0 20171106.0 48876399.0 0.6256530718590483
10000100.0 20171107.0 48952466.0 0.6429471422166566
10000100.0 20171108.0 48969132.0 0.6467362094413388
10000100.0 20171109.0 49003510.0 0.654552155262179
10000100.0 20171110.0 49343549.0 0.7318610854202077
10000100.0 20171111.0 49450822.0 0.7562499374778899
10000100.0 20171112.0 49248731.0 0.7103039165668587
10000100.0 20171113.0 49244658.0 0.7093779072781192
10000100.0 20171114.0 49273556.0 0.7159479579596785
10000100.0 20171115.0 49349131.0 0.7331301705785046
10000100.0 20171116.0 49342358.0 0.7315903078452289
10000100.0 20171117.0 49708082.0 0.8147388030858185
10000100.0 20171118.0 49657430.0 0.8032229124663176
10000100.0 20171119.0 49390315.0 0.7424934817858315
10000100.0 20171120.0 49376093.0 0.7392600656050186
10000100.0 20171121.0 49361650.0 0.7359764043830045
10000100.0 20171122.0 49383935.0 0.7410429688317051
10000100.0 20171123.0 49418718.0 0.7489509926692257
10000100.0 20171124.0 49689008.0 0.810402269529861
10000100.0 20171125.0 49869909.0 0.8515306776669204
10000100.0 20171126.0 49564699.0 0.7821402295902824
10000100.0 20171127.0 49427394.0 0.7509235084043357
10000100.0 20171128.0 49451305.0 0.7563597490385237
10000100.0 20171129.0 49403396.0 0.7454674880480461
10000100.0 20171130.0 49457529.0 0.7577747949047435
10000100.0 20171201.0 49775374.0 0.8300378497486839
10000100.0 20171202.0 49025414.0 0.6595320981692617
10000100.0 20171203.0 49147080.0 0.6871932437925775
10000100.0 20171204.0 48927641.0 0.6373031008238368
10000100.0 20171205.0 48873978.0 0.6251026499371142
10000100.0 20171206.0 49048180.0 0.6647080194723407
10000100.0 20171207.0 49132965.0 0.6839841543964184
10000100.0 20171208.0 49393008.0 0.7431057437584746
10000100.0 20171209.0 49585668.0 0.7869075973230534
10000100.0 20171210.0 49467686.0 0.7600840206218381
10000100.0 20171211.0 49221830.0 0.7041878900811287
10000100.0 20171212.0 49252443.0 0.7111478513765322
10000100.0 20171213.0 49313753.0 0.7250868716300582
10000100.0 20171214.0 49397489.0 0.7441245131232772
10000100.0 20171215.0 49690901.0 0.8108326490004193
10000100.0 20171216.0 49748890.0 0.8240166295171656
10000100.0 20171217.0 49501669.0 0.767810161957274
10000100.0 20171218.0 49517448.0 0.7713975669577696
10000100.0 20171219.0 49582059.0 0.7860870798855232
10000100.0 20171220.0 49620539.0 0.7948356282358033
10000100.0 20171221.0 49686856.0 0.8099130055992528
10000100.0 20171222.0 50027275.0 0.8873083299457717
10000100.0 20171223.0 50005981.0 0.8824670724465288
10000100.0 20171224.0 49682934.0 0.8090213266327819
10000100.0 20171225.0 49633155.0 0.7977039152936811
10000100.0 20171226.0 49678922.0 0.8081091858848265
10000100.0 20171227.0 49683039.0 0.8090451987111806
10000100.0 20171228.0 49716168.0 0.816577180475641
10000100.0 20171229.0 50205782.0 0.9278924546953423
10000100.0 20171230.0 50195191.0 0.9254845577208668
10000100.0 20171231.0 50117629.0 0.9078505944374874
10000100.0 20180101.0 49762005.0 0.8269983657857187
10000100.0 20180102.0 48841899.0 0.6178093889566402
10000100.0 20180103.0 48763687.0 0.6000276461403169
10000100.0 20180104.0 49307208.0 0.7235988454098767
10000100.0 20180105.0 48990391.0 0.6515695095811155
10000100.0 20180106.0 48877002.0 0.6257901657949948
10000100.0 20180107.0 48418701.0 0.5215940000600212
10000100.0 20180108.0 48841434.0 0.6177036697523033
10000100.0 20180109.0 48941796.0 0.6405212843451003
10000100.0 20180110.0 49001542.0 0.6541047243070504
10000100.0 20180111.0 48973440.0 0.6477156467150657
10000100.0 20180112.0 49283789.0 0.718274462514471
10000100.0 20180113.0 49317791.0 0.7260049235593314
10000100.0 20180114.0 49167501.0 0.6918360220114204
10000100.0 20180115.0 49276268.0 0.716564539641746
10000100.0 20180116.0 49209250.0 0.7013277877358448
10000100.0 20180117.0 49242422.0 0.7088695456847922
10000100.0 20180118.0 49231270.0 0.7063341036057297
10000100.0 20180119.0 49525258.0 0.7731731948843727
10000100.0 20180120.0 49512673.0 0.7703119557734508
10000100.0 20180121.0 49289948.0 0.7196747304273966
10000100.0 20180122.0 49463147.0 0.7590520647756342
10000100.0 20180123.0 49494610.0 0.766205276229503
10000100.0 20180124.0 49628701.0 0.7966912844633238
10000100.0 20180125.0 49763614.0 0.8273641769680369
10000100.0 20180126.0 49497949.0 0.7669644083225795
10000100.0 20180127.0 49363747.0 0.7364531638915944
10000100.0 20180128.0 48717470.0 0.5895200666417487
10000100.0 20180129.0 49473038.0 0.7613008145607856
10000100.0 20180130.0 49581385.0 0.7859338438775166
10000100.0 20180131.0 49686628.0 0.8098611690861587
10000100.0 20180201.0 49665190.0 0.8049871727365404
10000100.0 20180202.0 49072145.0 0.6701565371754193
10000100.0 20180203.0 49288697.0 0.7193903116647614
10000100.0 20180204.0 49033398.0 0.6613472855400683
10000100.0 20180205.0 49476938.0 0.7621874917584491
10000100.0 20180206.0 49480486.0 0.7629941406551953
10000100.0 20180207.0 49634288.0 0.7979615063872587
10000100.0 20180208.0 49718424.0 0.8170900891315201
10000100.0 20180209.0 49866839.0 0.8508327035651698
10000100.0 20180210.0 49746365.0 0.8234425628699604
10000100.0 20180211.0 49861666.0 0.8496566058360638
10000100.0 20180212.0 49904230.0 0.8593336643594871
10000100.0 20180213.0 49999760.0 0.8810527086396917
10000100.0 20180214.0 49884460.0 0.8548388930267158
10000100.0 20180215.0 49271244.0 0.7154223175286533
10000100.0 20180216.0 48783800.0 0.6046003995958571
10000100.0 20180217.0 48877977.0 0.6260118350944106
10000100.0 20180218.0 48652782.0 0.5748130475231695
10000100.0 20180219.0 48621205.0 0.5676339178127537
10000100.0 20180220.0 48876206.0 0.6256091927054204
10000100.0 20180221.0 49007665.0 0.6554968075073822
10000100.0 20180222.0 49555047.0 0.7799458172026289
10000100.0 20180223.0 49944820.0 0.8685619278090161
10000100.0 20180224.0 49891197.0 0.8563705710473977
10000100.0 20180225.0 49855639.0 0.8482863485359823
10000100.0 20180226.0 50019594.0 0.8855620305726297
10000100.0 20180227.0 49946659.0 0.8689800302106836
10000100.0 20180228.0 49857146.0 0.8486289696992846
10000100.0 20180301.0 49826211.0 0.8415958006967919
10000100.0 20180302.0 49542521.0 0.7770979919262357
10000100.0 20180303.0 49631970.0 0.797434501837468
10000100.0 20180304.0 49362054.0 0.7360682550465574
10000100.0 20180305.0 49498377.0 0.767061715461195
10000100.0 20180306.0 49432731.0 0.7521368920463691
10000100.0 20180307.0 49295125.0 0.720851737569013
10000100.0 20180308.0 49535426.0 0.7754849214858709
10000100.0 20180309.0 49874471.0 0.8525678626350591
10000100.0 20180310.0 49995394.0 0.8800600848845638
10000100.0 20180311.0 49826701.0 0.8417072037293188
10000100.0 20180312.0 49802837.0 0.8362816486921284
10000100.0 20180313.0 49801775.0 0.8360401996706108
10000100.0 20180314.0 49798802.0 0.8353642788222381
10000100.0 20180315.0 49859676.0 0.8492041731121278
10000100.0 20180316.0 50097045.0 0.9031707576588448
10000100.0 20180317.0 50133169.0 0.9113836620404853
10000100.0 20180318.0 49811126.0 0.8381661787668548
10000100.0 20180319.0 49804186.0 0.8365883480612689
10000100.0 20180320.0 49630364.0 0.7970693727145327
10000100.0 20180321.0 49868112.0 0.8511221240966124
10000100.0 20180322.0 50019369.0 0.8855108761189184
10000100.0 20180323.0 50396078.0 0.9711568454662604
10000100.0 20180324.0 50450304.0 0.9834852961638252
10000100.0 20180325.0 50239697.0 0.935603136018101
10000100.0 20180326.0 50149281.0 0.9150467756324737
10000100.0 20180327.0 50125272.0 0.9095882543917804
10000100.0 20180328.0 50176642.0 0.9212673845569024
10000100.0 20180329.0 50084050.0 0.9002163037656044
10000100.0 20180330.0 50367582.0 0.9646781907419988
10000100.0 20180331.0 50455922.0 0.9847625660347159
10000100.0 20180401.0 50252751.0 0.9385710037458701
10000100.0 20180402.0 49483902.0 0.7637707789390975
10000100.0 20180403.0 49729008.0 0.8194963946341024
10000100.0 20180404.0 50297246.0 0.9486870811587007
10000100.0 20180405.0 49755383.0 0.8254928333747116
10000100.0 20180406.0 49810717.0 0.838073191337664
10000100.0 20180407.0 49756407.0 0.8257256429773802
10000100.0 20180408.0 49727848.0 0.8192326650060794
10000100.0 20180409.0 49695329.0 0.8118393686494587
10000100.0 20180410.0 49860694.0 0.8494356185960308
10000100.0 20180411.0 49822252.0 0.8406957096645996
10000100.0 20180412.0 49692137.0 0.8111136574661403
10000100.0 20180413.0 50035680.0 0.8892192329833004
10000100.0 20180414.0 50050032.0 0.8924822050707023
10000100.0 20180415.0 49961242.0 0.8722955208705624
10000100.0 20180416.0 49857533.0 0.8487169553596681
10000100.0 20180417.0 49975581.0 0.8755555373673053
10000100.0 20180418.0 49987825.0 0.8783392490617137
10000100.0 20180419.0 49989497.0 0.8787193834910709
10000100.0 20180420.0 50218686.0 0.9308262194539706
10000100.0 20180421.0 50269301.0 0.94233369800775
10000100.0 20180422.0 49951899.0 0.8701713605993392
10000100.0 20180423.0 49930401.0 0.8652837230620647
10000100.0 20180424.0 50014175.0 0.8843300039741326
10000100.0 20180425.0 50097083.0 0.9031793970776938
10000100.0 20180426.0 50039685.0 0.8901297822593627
10000100.0 20180427.0 50182713.0 0.9226476453945986
10000100.0 20180428.0 50522943.0 1.0
10000100.0 20180429.0 50508795.0 0.9967834079506298
10000100.0 20180430.0 50300686.0 0.9494691759176654
10000100.0 20180501.0 50331949.0 0.9565769167460129
10000100.0 20180502.0 49457453.0 0.7577575160670456
10000100.0 20180503.0 49540356.0 0.7766057724049686
10000100.0 20180504.0 49774397.0 0.8298157257430128
10000100.0 20180505.0 49662099.0 0.8042844242191102
10000100.0 20180506.0 49233004.0 0.7067283339289985
10000100.0 20180507.0 49653149.0 0.8022496137270362
10000100.0 20180508.0 49658963.0 0.8035714448109377
10000100.0 20180509.0 49744664.0 0.8230558351999026
10000100.0 20180510.0 49738240.0 0.8215953187081614
10000100.0 20180511.0 50030787.0 0.8881067941299241
10000100.0 20180512.0 50068708.0 0.8967282520818726
10000100.0 20180513.0 50150186.0 0.9152525302129572
10000100.0 20180514.0 49745617.0 0.8232725027305111
10000100.0 20180515.0 49818504.0 0.8398435901423321
10000100.0 20180516.0 49913508.0 0.8614430466774159
10000100.0 20180517.0 49810881.0 0.8381104772505913
10000100.0 20180518.0 50018363.0 0.8852821588725468
10000100.0 20180519.0 50024042.0 0.8865732972842214
10000100.0 20180520.0 49803146.0 0.8363519008085587
10000100.0 20180521.0 49806850.0 0.8371940167932114
10000100.0 20180522.0 49848918.0 0.8467583081653421
10000100.0 20180523.0 49910904.0 0.8608510191331298
10000100.0 20180524.0 49863503.0 0.8500742535314761
10000100.0 20180525.0 50110665.0 0.906267307256839
10000100.0 20180526.0 50179313.0 0.9218746447607381
10000100.0 20180527.0 49897349.0 0.85776924748843
10000100.0 20180528.0 49862395.0 0.8498223462660887
10000100.0 20180529.0 49884247.0 0.8547904668105357
10000100.0 20180530.0 49939620.0 0.8673796915454647
10000100.0 20180531.0 50026836.0 0.8872085219227527
10000100.0 20180601.0 50310294.0 0.9516535847677042
10000100.0 20180602.0 49563806.0 0.7819372032473302
10000100.0 20180603.0 49478590.0 0.7625630791252543
10000100.0 20180604.0 49536696.0 0.7757736599579306
10000100.0 20180605.0 49714875.0 0.8162832128816463
10000100.0 20180606.0 49690348.0 0.8107069227208531
10000100.0 20180607.0 49744300.0 0.8229730786614539
10000100.0 20180608.0 49940274.0 0.8675283804909191
10000100.0 20180609.0 49984662.0 0.8776201311190958
10000100.0 20180610.0 49790034.0 0.8333708465993883
10000100.0 20180611.0 49816584.0 0.8394070721373286
10000100.0 20180612.0 49872157.0 0.8520417674977787
10000100.0 20180613.0 49885522.0 0.8550803420482335
10000100.0 20180614.0 49940543.0 0.8675895384822451
10000100.0 20180615.0 50188796.0 0.9240306344698261
10000100.0 20180616.0 50115010.0 0.9072551565962872
10000100.0 20180617.0 50188890.0 0.9240520056638211
10000100.0 20180618.0 49884113.0 0.8547600014914365
10000100.0 20180619.0 49916888.0 0.8622115002487243
10000100.0 20180620.0 49914829.0 0.8617433801589834
10000100.0 20180621.0 49982374.0 0.8770999471631331
10000100.0 20180622.0 50117080.0 0.9077257775704317
10000100.0 20180623.0 50036334.0 0.8893679219287548
10000100.0 20180624.0 49694466.0 0.8116431629003348
