1.000010000000000000e+07 2.016110100000000000e+07 4.700119200000000000e+07
1.000010000000000000e+07 2.016110200000000000e+07 4.612449900000000000e+07
1.000010000000000000e+07 2.016110300000000000e+07 4.638562500000000000e+07
1.000010000000000000e+07 2.016110400000000000e+07 4.691117700000000000e+07
1.000010000000000000e+07 2.016110500000000000e+07 4.692762900000000000e+07
1.000010000000000000e+07 2.016110600000000000e+07 4.670430000000000000e+07
1.000010000000000000e+07 2.016110700000000000e+07 4.665383800000000000e+07
1.000010000000000000e+07 2.016110800000000000e+07 4.653683800000000000e+07
1.000010000000000000e+07 2.016110900000000000e+07 4.658450100000000000e+07
1.000010000000000000e+07 2.016111000000000000e+07 4.671328200000000000e+07
1.000010000000000000e+07 2.016111100000000000e+07 4.720866100000000000e+07
1.000010000000000000e+07 2.016111200000000000e+07 4.713827200000000000e+07
1.000010000000000000e+07 2.016111300000000000e+07 4.703063100000000000e+07
1.000010000000000000e+07 2.016111400000000000e+07 4.689571900000000000e+07
1.000010000000000000e+07 2.016111500000000000e+07 4.688982900000000000e+07
1.000010000000000000e+07 2.016111600000000000e+07 4.694585600000000000e+07
1.000010000000000000e+07 2.016111700000000000e+07 4.682027900000000000e+07
1.000010000000000000e+07 2.016111800000000000e+07 4.730374000000000000e+07
1.000010000000000000e+07 2.016111900000000000e+07 4.725552700000000000e+07
1.000010000000000000e+07 2.016112000000000000e+07 4.693809300000000000e+07
1.000010000000000000e+07 2.016112100000000000e+07 4.687494800000000000e+07
1.000010000000000000e+07 2.016112200000000000e+07 4.684345200000000000e+07
1.000010000000000000e+07 2.016112300000000000e+07 4.669007600000000000e+07
1.000010000000000000e+07 2.016112400000000000e+07 4.665030600000000000e+07
1.000010000000000000e+07 2.016112500000000000e+07 4.708589100000000000e+07
1.000010000000000000e+07 2.016112600000000000e+07 4.692561700000000000e+07
1.000010000000000000e+07 2.016112700000000000e+07 4.698544000000000000e+07
1.000010000000000000e+07 2.016112800000000000e+07 4.674331500000000000e+07
1.000010000000000000e+07 2.016112900000000000e+07 4.670097600000000000e+07
1.000010000000000000e+07 2.016113000000000000e+07 4.681306700000000000e+07
1.000010000000000000e+07 2.016120100000000000e+07 4.690964900000000000e+07
1.000010000000000000e+07 2.016120200000000000e+07 4.651509100000000000e+07
1.000010000000000000e+07 2.016120300000000000e+07 4.672212200000000000e+07
1.000010000000000000e+07 2.016120400000000000e+07 4.675654300000000000e+07
1.000010000000000000e+07 2.016120500000000000e+07 4.658003100000000000e+07
1.000010000000000000e+07 2.016120600000000000e+07 4.644727400000000000e+07
1.000010000000000000e+07 2.016120700000000000e+07 4.650231800000000000e+07
1.000010000000000000e+07 2.016120800000000000e+07 4.652337600000000000e+07
1.000010000000000000e+07 2.016120900000000000e+07 4.687359300000000000e+07
1.000010000000000000e+07 2.016121000000000000e+07 4.696315500000000000e+07
1.000010000000000000e+07 2.016121100000000000e+07 4.675729200000000000e+07
1.000010000000000000e+07 2.016121200000000000e+07 4.678140800000000000e+07
1.000010000000000000e+07 2.016121300000000000e+07 4.644388200000000000e+07
1.000010000000000000e+07 2.016121400000000000e+07 4.672929500000000000e+07
1.000010000000000000e+07 2.016121500000000000e+07 4.678447800000000000e+07
1.000010000000000000e+07 2.016121600000000000e+07 4.716923800000000000e+07
1.000010000000000000e+07 2.016121700000000000e+07 4.724664600000000000e+07
1.000010000000000000e+07 2.016121800000000000e+07 4.716401100000000000e+07
1.000010000000000000e+07 2.016121900000000000e+07 4.709492800000000000e+07
1.000010000000000000e+07 2.016122000000000000e+07 4.718328900000000000e+07
1.000010000000000000e+07 2.016122100000000000e+07 4.683323300000000000e+07
1.000010000000000000e+07 2.016122200000000000e+07 4.688855100000000000e+07
1.000010000000000000e+07 2.016122300000000000e+07 4.721703900000000000e+07
1.000010000000000000e+07 2.016122400000000000e+07 4.730597000000000000e+07
1.000010000000000000e+07 2.016122500000000000e+07 4.685055300000000000e+07
1.000010000000000000e+07 2.016122600000000000e+07 4.669908200000000000e+07
1.000010000000000000e+07 2.016122700000000000e+07 4.692034800000000000e+07
1.000010000000000000e+07 2.016122800000000000e+07 4.695263900000000000e+07
1.000010000000000000e+07 2.016122900000000000e+07 4.698860800000000000e+07
1.000010000000000000e+07 2.016123000000000000e+07 4.769133200000000000e+07
1.000010000000000000e+07 2.016123100000000000e+07 4.789546000000000000e+07
1.000010000000000000e+07 2.017010100000000000e+07 4.780357100000000000e+07
1.000010000000000000e+07 2.017010200000000000e+07 4.652394200000000000e+07
1.000010000000000000e+07 2.017010300000000000e+07 4.665126200000000000e+07
1.000010000000000000e+07 2.017010400000000000e+07 4.663788500000000000e+07
1.000010000000000000e+07 2.017010500000000000e+07 4.634125700000000000e+07
1.000010000000000000e+07 2.017010600000000000e+07 4.686694200000000000e+07
1.000010000000000000e+07 2.017010700000000000e+07 4.648618800000000000e+07
1.000010000000000000e+07 2.017010800000000000e+07 4.664317700000000000e+07
1.000010000000000000e+07 2.017010900000000000e+07 4.688074600000000000e+07
1.000010000000000000e+07 2.017011000000000000e+07 4.695491300000000000e+07
1.000010000000000000e+07 2.017011100000000000e+07 4.723199500000000000e+07
1.000010000000000000e+07 2.017011200000000000e+07 4.729248900000000000e+07
1.000010000000000000e+07 2.017011300000000000e+07 4.772279700000000000e+07
1.000010000000000000e+07 2.017011400000000000e+07 4.743839600000000000e+07
1.000010000000000000e+07 2.017011500000000000e+07 4.734199000000000000e+07
1.000010000000000000e+07 2.017011600000000000e+07 4.774627200000000000e+07
1.000010000000000000e+07 2.017011700000000000e+07 4.803645600000000000e+07
1.000010000000000000e+07 2.017011800000000000e+07 4.784767300000000000e+07
1.000010000000000000e+07 2.017011900000000000e+07 4.805606500000000000e+07
1.000010000000000000e+07 2.017012000000000000e+07 4.815260100000000000e+07
1.000010000000000000e+07 2.017012100000000000e+07 4.800445400000000000e+07
1.000010000000000000e+07 2.017012200000000000e+07 4.809037300000000000e+07
1.000010000000000000e+07 2.017012300000000000e+07 4.827386000000000000e+07
1.000010000000000000e+07 2.017012400000000000e+07 4.821250000000000000e+07
1.000010000000000000e+07 2.017012500000000000e+07 4.834409700000000000e+07
1.000010000000000000e+07 2.017012600000000000e+07 4.813612900000000000e+07
1.000010000000000000e+07 2.017012700000000000e+07 4.753290100000000000e+07
1.000010000000000000e+07 2.017012800000000000e+07 4.687038200000000000e+07
1.000010000000000000e+07 2.017012900000000000e+07 4.674391400000000000e+07
1.000010000000000000e+07 2.017013000000000000e+07 4.678858500000000000e+07
1.000010000000000000e+07 2.017013100000000000e+07 4.693096300000000000e+07
1.000010000000000000e+07 2.017020100000000000e+07 4.687467200000000000e+07
1.000010000000000000e+07 2.017020200000000000e+07 4.666715000000000000e+07
1.000010000000000000e+07 2.017020300000000000e+07 4.679072300000000000e+07
1.000010000000000000e+07 2.017020400000000000e+07 4.726814300000000000e+07
1.000010000000000000e+07 2.017020500000000000e+07 4.714634900000000000e+07
1.000010000000000000e+07 2.017020600000000000e+07 4.741795400000000000e+07
1.000010000000000000e+07 2.017020700000000000e+07 4.728353400000000000e+07
1.000010000000000000e+07 2.017020800000000000e+07 4.694014000000000000e+07
1.000010000000000000e+07 2.017020900000000000e+07 4.734073400000000000e+07
1.000010000000000000e+07 2.017021000000000000e+07 4.773340500000000000e+07
1.000010000000000000e+07 2.017021100000000000e+07 4.787934900000000000e+07
1.000010000000000000e+07 2.017021200000000000e+07 4.775727300000000000e+07
1.000010000000000000e+07 2.017021300000000000e+07 4.774880900000000000e+07
1.000010000000000000e+07 2.017021400000000000e+07 4.767993600000000000e+07
1.000010000000000000e+07 2.017021500000000000e+07 4.768950800000000000e+07
1.000010000000000000e+07 2.017021600000000000e+07 4.766654000000000000e+07
1.000010000000000000e+07 2.017021700000000000e+07 4.801602600000000000e+07
1.000010000000000000e+07 2.017021800000000000e+07 4.834787700000000000e+07
1.000010000000000000e+07 2.017021900000000000e+07 4.818468600000000000e+07
1.000010000000000000e+07 2.017022000000000000e+07 4.785868400000000000e+07
1.000010000000000000e+07 2.017022100000000000e+07 4.786121900000000000e+07
1.000010000000000000e+07 2.017022200000000000e+07 4.772600900000000000e+07
1.000010000000000000e+07 2.017022300000000000e+07 4.793974800000000000e+07
1.000010000000000000e+07 2.017022400000000000e+07 4.848099100000000000e+07
1.000010000000000000e+07 2.017022500000000000e+07 4.854432000000000000e+07
1.000010000000000000e+07 2.017022600000000000e+07 4.838729300000000000e+07
1.000010000000000000e+07 2.017022700000000000e+07 4.838184100000000000e+07
1.000010000000000000e+07 2.017022800000000000e+07 4.833961700000000000e+07
1.000010000000000000e+07 2.017030100000000000e+07 4.840711600000000000e+07
1.000010000000000000e+07 2.017030200000000000e+07 4.746460400000000000e+07
1.000010000000000000e+07 2.017030300000000000e+07 4.804294000000000000e+07
1.000010000000000000e+07 2.017030400000000000e+07 4.818573500000000000e+07
1.000010000000000000e+07 2.017030500000000000e+07 4.803597400000000000e+07
1.000010000000000000e+07 2.017030600000000000e+07 4.785614600000000000e+07
1.000010000000000000e+07 2.017030700000000000e+07 4.784287300000000000e+07
1.000010000000000000e+07 2.017030800000000000e+07 4.804547100000000000e+07
1.000010000000000000e+07 2.017030900000000000e+07 4.794143300000000000e+07
1.000010000000000000e+07 2.017031000000000000e+07 4.835467800000000000e+07
1.000010000000000000e+07 2.017031100000000000e+07 4.837108400000000000e+07
1.000010000000000000e+07 2.017031200000000000e+07 4.808562200000000000e+07
1.000010000000000000e+07 2.017031300000000000e+07 4.783871700000000000e+07
1.000010000000000000e+07 2.017031400000000000e+07 4.809375100000000000e+07
1.000010000000000000e+07 2.017031500000000000e+07 4.814669700000000000e+07
1.000010000000000000e+07 2.017031600000000000e+07 4.821884700000000000e+07
1.000010000000000000e+07 2.017031700000000000e+07 4.864007400000000000e+07
1.000010000000000000e+07 2.017031800000000000e+07 4.861943200000000000e+07
1.000010000000000000e+07 2.017031900000000000e+07 4.837854600000000000e+07
1.000010000000000000e+07 2.017032000000000000e+07 4.818452000000000000e+07
1.000010000000000000e+07 2.017032100000000000e+07 4.834139200000000000e+07
1.000010000000000000e+07 2.017032200000000000e+07 4.807169600000000000e+07
1.000010000000000000e+07 2.017032300000000000e+07 4.817348200000000000e+07
1.000010000000000000e+07 2.017032400000000000e+07 4.855175000000000000e+07
1.000010000000000000e+07 2.017032500000000000e+07 4.887297400000000000e+07
1.000010000000000000e+07 2.017032600000000000e+07 4.867552100000000000e+07
1.000010000000000000e+07 2.017032700000000000e+07 4.851355100000000000e+07
1.000010000000000000e+07 2.017032800000000000e+07 4.836797700000000000e+07
1.000010000000000000e+07 2.017032900000000000e+07 4.844990500000000000e+07
1.000010000000000000e+07 2.017033000000000000e+07 4.839525300000000000e+07
1.000010000000000000e+07 2.017033100000000000e+07 4.870242000000000000e+07
1.000010000000000000e+07 2.017040100000000000e+07 4.927920000000000000e+07
1.000010000000000000e+07 2.017040200000000000e+07 4.848148600000000000e+07
1.000010000000000000e+07 2.017040300000000000e+07 4.843262600000000000e+07
1.000010000000000000e+07 2.017040400000000000e+07 4.819028500000000000e+07
1.000010000000000000e+07 2.017040500000000000e+07 4.813000300000000000e+07
1.000010000000000000e+07 2.017040600000000000e+07 4.782352700000000000e+07
1.000010000000000000e+07 2.017040700000000000e+07 4.820209700000000000e+07
1.000010000000000000e+07 2.017040800000000000e+07 4.822783200000000000e+07
1.000010000000000000e+07 2.017040900000000000e+07 4.784928000000000000e+07
1.000010000000000000e+07 2.017041000000000000e+07 4.789551500000000000e+07
1.000010000000000000e+07 2.017041100000000000e+07 4.810837400000000000e+07
1.000010000000000000e+07 2.017041200000000000e+07 4.821106400000000000e+07
1.000010000000000000e+07 2.017041300000000000e+07 4.820641800000000000e+07
1.000010000000000000e+07 2.017041400000000000e+07 4.856736700000000000e+07
1.000010000000000000e+07 2.017041500000000000e+07 4.861304700000000000e+07
1.000010000000000000e+07 2.017041600000000000e+07 4.842736200000000000e+07
1.000010000000000000e+07 2.017041700000000000e+07 4.836893900000000000e+07
1.000010000000000000e+07 2.017041800000000000e+07 4.832701400000000000e+07
1.000010000000000000e+07 2.017041900000000000e+07 4.829772800000000000e+07
1.000010000000000000e+07 2.017042000000000000e+07 4.832337900000000000e+07
1.000010000000000000e+07 2.017042100000000000e+07 4.858601400000000000e+07
1.000010000000000000e+07 2.017042200000000000e+07 4.865002200000000000e+07
1.000010000000000000e+07 2.017042300000000000e+07 4.844145400000000000e+07
1.000010000000000000e+07 2.017042400000000000e+07 4.834078300000000000e+07
1.000010000000000000e+07 2.017042500000000000e+07 4.832447900000000000e+07
1.000010000000000000e+07 2.017042600000000000e+07 4.841074500000000000e+07
1.000010000000000000e+07 2.017042700000000000e+07 4.850327300000000000e+07
1.000010000000000000e+07 2.017042800000000000e+07 4.906541900000000000e+07
1.000010000000000000e+07 2.017042900000000000e+07 4.912045600000000000e+07
1.000010000000000000e+07 2.017043000000000000e+07 4.909012500000000000e+07
1.000010000000000000e+07 2.017050100000000000e+07 4.908340900000000000e+07
1.000010000000000000e+07 2.017050200000000000e+07 4.786051200000000000e+07
1.000010000000000000e+07 2.017050300000000000e+07 4.796380300000000000e+07
1.000010000000000000e+07 2.017050400000000000e+07 4.793155200000000000e+07
1.000010000000000000e+07 2.017050500000000000e+07 4.831623400000000000e+07
1.000010000000000000e+07 2.017050600000000000e+07 4.822609000000000000e+07
1.000010000000000000e+07 2.017050700000000000e+07 4.809063400000000000e+07
1.000010000000000000e+07 2.017050800000000000e+07 4.783660100000000000e+07
1.000010000000000000e+07 2.017050900000000000e+07 4.808882000000000000e+07
1.000010000000000000e+07 2.017051000000000000e+07 4.811889200000000000e+07
1.000010000000000000e+07 2.017051100000000000e+07 4.809618400000000000e+07
1.000010000000000000e+07 2.017051200000000000e+07 4.848870800000000000e+07
1.000010000000000000e+07 2.017051300000000000e+07 4.857957600000000000e+07
1.000010000000000000e+07 2.017051400000000000e+07 4.870319400000000000e+07
1.000010000000000000e+07 2.017051500000000000e+07 4.822162400000000000e+07
1.000010000000000000e+07 2.017051600000000000e+07 4.825047200000000000e+07
1.000010000000000000e+07 2.017051700000000000e+07 4.820410500000000000e+07
1.000010000000000000e+07 2.017051800000000000e+07 4.819343700000000000e+07
1.000010000000000000e+07 2.017051900000000000e+07 4.846811600000000000e+07
1.000010000000000000e+07 2.017052000000000000e+07 4.859978500000000000e+07
1.000010000000000000e+07 2.017052100000000000e+07 4.836356600000000000e+07
1.000010000000000000e+07 2.017052200000000000e+07 4.830059300000000000e+07
1.000010000000000000e+07 2.017052300000000000e+07 4.826497100000000000e+07
1.000010000000000000e+07 2.017052400000000000e+07 4.834968700000000000e+07
1.000010000000000000e+07 2.017052500000000000e+07 4.839833700000000000e+07
1.000010000000000000e+07 2.017052600000000000e+07 4.852448500000000000e+07
1.000010000000000000e+07 2.017052700000000000e+07 4.892223000000000000e+07
1.000010000000000000e+07 2.017052800000000000e+07 4.884705500000000000e+07
1.000010000000000000e+07 2.017052900000000000e+07 4.881084700000000000e+07
1.000010000000000000e+07 2.017053000000000000e+07 4.875854300000000000e+07
1.000010000000000000e+07 2.017053100000000000e+07 4.848924400000000000e+07
1.000010000000000000e+07 2.017060100000000000e+07 4.850979600000000000e+07
1.000010000000000000e+07 2.017060200000000000e+07 4.774237200000000000e+07
1.000010000000000000e+07 2.017060300000000000e+07 4.783191100000000000e+07
1.000010000000000000e+07 2.017060400000000000e+07 4.773113600000000000e+07
1.000010000000000000e+07 2.017060500000000000e+07 4.773788400000000000e+07
1.000010000000000000e+07 2.017060600000000000e+07 4.793110000000000000e+07
1.000010000000000000e+07 2.017060700000000000e+07 4.803215200000000000e+07
1.000010000000000000e+07 2.017060800000000000e+07 4.801431600000000000e+07
1.000010000000000000e+07 2.017060900000000000e+07 4.829199300000000000e+07
1.000010000000000000e+07 2.017061000000000000e+07 4.811304300000000000e+07
1.000010000000000000e+07 2.017061100000000000e+07 4.819743300000000000e+07
1.000010000000000000e+07 2.017061200000000000e+07 4.819040500000000000e+07
1.000010000000000000e+07 2.017061300000000000e+07 4.823144300000000000e+07
1.000010000000000000e+07 2.017061400000000000e+07 4.824398400000000000e+07
1.000010000000000000e+07 2.017061500000000000e+07 4.834230600000000000e+07
1.000010000000000000e+07 2.017061600000000000e+07 4.855681400000000000e+07
1.000010000000000000e+07 2.017061700000000000e+07 4.856138600000000000e+07
1.000010000000000000e+07 2.017061800000000000e+07 4.855357400000000000e+07
1.000010000000000000e+07 2.017061900000000000e+07 4.845927700000000000e+07
1.000010000000000000e+07 2.017062000000000000e+07 4.858681100000000000e+07
1.000010000000000000e+07 2.017062100000000000e+07 4.855834700000000000e+07
1.000010000000000000e+07 2.017062200000000000e+07 4.856362500000000000e+07
1.000010000000000000e+07 2.017062300000000000e+07 4.879826500000000000e+07
1.000010000000000000e+07 2.017062400000000000e+07 4.877275800000000000e+07
1.000010000000000000e+07 2.017062500000000000e+07 4.861041400000000000e+07
1.000010000000000000e+07 2.017062600000000000e+07 4.889680500000000000e+07
1.000010000000000000e+07 2.017062700000000000e+07 4.906194400000000000e+07
1.000010000000000000e+07 2.017062800000000000e+07 4.910336600000000000e+07
1.000010000000000000e+07 2.017062900000000000e+07 4.919296200000000000e+07
1.000010000000000000e+07 2.017063000000000000e+07 4.950109100000000000e+07
1.000010000000000000e+07 2.017070100000000000e+07 4.909981300000000000e+07
1.000010000000000000e+07 2.017070200000000000e+07 4.794681500000000000e+07
1.000010000000000000e+07 2.017070300000000000e+07 4.851324900000000000e+07
1.000010000000000000e+07 2.017070400000000000e+07 4.858498000000000000e+07
1.000010000000000000e+07 2.017070500000000000e+07 4.852472700000000000e+07
1.000010000000000000e+07 2.017070600000000000e+07 4.848354600000000000e+07
1.000010000000000000e+07 2.017070700000000000e+07 4.859464400000000000e+07
1.000010000000000000e+07 2.017070800000000000e+07 4.832495600000000000e+07
1.000010000000000000e+07 2.017070900000000000e+07 4.818541600000000000e+07
1.000010000000000000e+07 2.017071000000000000e+07 4.859291800000000000e+07
1.000010000000000000e+07 2.017071100000000000e+07 4.863078100000000000e+07
1.000010000000000000e+07 2.017071200000000000e+07 4.860531100000000000e+07
1.000010000000000000e+07 2.017071300000000000e+07 4.858710800000000000e+07
1.000010000000000000e+07 2.017071400000000000e+07 4.870966900000000000e+07
1.000010000000000000e+07 2.017071500000000000e+07 4.854353200000000000e+07
1.000010000000000000e+07 2.017071600000000000e+07 4.834684300000000000e+07
1.000010000000000000e+07 2.017071700000000000e+07 4.859635500000000000e+07
1.000010000000000000e+07 2.017071800000000000e+07 4.864532700000000000e+07
1.000010000000000000e+07 2.017071900000000000e+07 4.863311200000000000e+07
1.000010000000000000e+07 2.017072000000000000e+07 4.862242100000000000e+07
1.000010000000000000e+07 2.017072100000000000e+07 4.871866200000000000e+07
1.000010000000000000e+07 2.017072200000000000e+07 4.851749300000000000e+07
1.000010000000000000e+07 2.017072300000000000e+07 4.820354200000000000e+07
1.000010000000000000e+07 2.017072400000000000e+07 4.851214600000000000e+07
1.000010000000000000e+07 2.017072500000000000e+07 4.854861800000000000e+07
1.000010000000000000e+07 2.017072600000000000e+07 4.851940400000000000e+07
1.000010000000000000e+07 2.017072700000000000e+07 4.846843900000000000e+07
1.000010000000000000e+07 2.017072800000000000e+07 4.858158500000000000e+07
1.000010000000000000e+07 2.017072900000000000e+07 4.838158300000000000e+07
1.000010000000000000e+07 2.017073000000000000e+07 4.827312800000000000e+07
1.000010000000000000e+07 2.017073100000000000e+07 4.849380500000000000e+07
1.000010000000000000e+07 2.017080100000000000e+07 4.851483700000000000e+07
1.000010000000000000e+07 2.017080200000000000e+07 4.763026900000000000e+07
1.000010000000000000e+07 2.017080300000000000e+07 4.782140400000000000e+07
1.000010000000000000e+07 2.017080400000000000e+07 4.801584700000000000e+07
1.000010000000000000e+07 2.017080500000000000e+07 4.781676900000000000e+07
1.000010000000000000e+07 2.017080600000000000e+07 4.755804600000000000e+07
1.000010000000000000e+07 2.017080700000000000e+07 4.802792000000000000e+07
1.000010000000000000e+07 2.017080800000000000e+07 4.807764700000000000e+07
1.000010000000000000e+07 2.017080900000000000e+07 4.819915000000000000e+07
1.000010000000000000e+07 2.017081000000000000e+07 4.821776400000000000e+07
1.000010000000000000e+07 2.017081100000000000e+07 4.822720300000000000e+07
1.000010000000000000e+07 2.017081200000000000e+07 4.796545600000000000e+07
1.000010000000000000e+07 2.017081300000000000e+07 4.799574400000000000e+07
1.000010000000000000e+07 2.017081400000000000e+07 4.827088600000000000e+07
1.000010000000000000e+07 2.017081500000000000e+07 4.838797300000000000e+07
1.000010000000000000e+07 2.017081600000000000e+07 4.848310700000000000e+07
1.000010000000000000e+07 2.017081700000000000e+07 4.845850500000000000e+07
1.000010000000000000e+07 2.017081800000000000e+07 4.857843300000000000e+07
1.000010000000000000e+07 2.017081900000000000e+07 4.848048200000000000e+07
1.000010000000000000e+07 2.017082000000000000e+07 4.843010100000000000e+07
1.000010000000000000e+07 2.017082100000000000e+07 4.857775200000000000e+07
1.000010000000000000e+07 2.017082200000000000e+07 4.868084900000000000e+07
1.000010000000000000e+07 2.017082300000000000e+07 4.864043800000000000e+07
1.000010000000000000e+07 2.017082400000000000e+07 4.869579200000000000e+07
1.000010000000000000e+07 2.017082500000000000e+07 4.897260200000000000e+07
1.000010000000000000e+07 2.017082600000000000e+07 4.882583900000000000e+07
1.000010000000000000e+07 2.017082700000000000e+07 4.866009100000000000e+07
1.000010000000000000e+07 2.017082800000000000e+07 4.902488600000000000e+07
1.000010000000000000e+07 2.017082900000000000e+07 4.914070300000000000e+07
1.000010000000000000e+07 2.017083000000000000e+07 4.919182500000000000e+07
1.000010000000000000e+07 2.017083100000000000e+07 4.925299700000000000e+07
1.000010000000000000e+07 2.017090100000000000e+07 4.917329200000000000e+07
1.000010000000000000e+07 2.017090200000000000e+07 4.814415100000000000e+07
1.000010000000000000e+07 2.017090300000000000e+07 4.806980600000000000e+07
1.000010000000000000e+07 2.017090400000000000e+07 4.827135100000000000e+07
1.000010000000000000e+07 2.017090500000000000e+07 4.839559500000000000e+07
1.000010000000000000e+07 2.017090600000000000e+07 4.828070900000000000e+07
1.000010000000000000e+07 2.017090700000000000e+07 4.837761800000000000e+07
1.000010000000000000e+07 2.017090800000000000e+07 4.874887900000000000e+07
1.000010000000000000e+07 2.017090900000000000e+07 4.876549900000000000e+07
1.000010000000000000e+07 2.017091000000000000e+07 4.855989100000000000e+07
1.000010000000000000e+07 2.017091100000000000e+07 4.863054800000000000e+07
1.000010000000000000e+07 2.017091200000000000e+07 4.863773900000000000e+07
1.000010000000000000e+07 2.017091300000000000e+07 4.863116900000000000e+07
1.000010000000000000e+07 2.017091400000000000e+07 4.862312100000000000e+07
1.000010000000000000e+07 2.017091500000000000e+07 4.898644700000000000e+07
1.000010000000000000e+07 2.017091600000000000e+07 4.905188800000000000e+07
1.000010000000000000e+07 2.017091700000000000e+07 4.879419700000000000e+07
1.000010000000000000e+07 2.017091800000000000e+07 4.878540100000000000e+07
1.000010000000000000e+07 2.017091900000000000e+07 4.879032600000000000e+07
1.000010000000000000e+07 2.017092000000000000e+07 4.883583000000000000e+07
1.000010000000000000e+07 2.017092100000000000e+07 4.888510900000000000e+07
1.000010000000000000e+07 2.017092200000000000e+07 4.909682500000000000e+07
1.000010000000000000e+07 2.017092300000000000e+07 4.914038000000000000e+07
1.000010000000000000e+07 2.017092400000000000e+07 4.876500100000000000e+07
1.000010000000000000e+07 2.017092500000000000e+07 4.889251900000000000e+07
1.000010000000000000e+07 2.017092600000000000e+07 4.909654200000000000e+07
1.000010000000000000e+07 2.017092700000000000e+07 4.913030300000000000e+07
1.000010000000000000e+07 2.017092800000000000e+07 4.925423200000000000e+07
1.000010000000000000e+07 2.017092900000000000e+07 4.941438100000000000e+07
1.000010000000000000e+07 2.017093000000000000e+07 5.002925700000000000e+07
1.000010000000000000e+07 2.017100100000000000e+07 4.996907800000000000e+07
1.000010000000000000e+07 2.017100200000000000e+07 4.859258300000000000e+07
1.000010000000000000e+07 2.017100300000000000e+07 4.886781100000000000e+07
1.000010000000000000e+07 2.017100400000000000e+07 4.895052900000000000e+07
1.000010000000000000e+07 2.017100500000000000e+07 4.853375000000000000e+07
1.000010000000000000e+07 2.017100600000000000e+07 4.871003500000000000e+07
1.000010000000000000e+07 2.017100700000000000e+07 4.872239900000000000e+07
1.000010000000000000e+07 2.017100800000000000e+07 4.874817600000000000e+07
1.000010000000000000e+07 2.017100900000000000e+07 4.879648300000000000e+07
1.000010000000000000e+07 2.017101000000000000e+07 4.881878700000000000e+07
1.000010000000000000e+07 2.017101100000000000e+07 4.868042600000000000e+07
1.000010000000000000e+07 2.017101200000000000e+07 4.867517200000000000e+07
1.000010000000000000e+07 2.017101300000000000e+07 4.913248800000000000e+07
1.000010000000000000e+07 2.017101400000000000e+07 4.909144400000000000e+07
1.000010000000000000e+07 2.017101500000000000e+07 4.888748900000000000e+07
1.000010000000000000e+07 2.017101600000000000e+07 4.886419500000000000e+07
1.000010000000000000e+07 2.017101700000000000e+07 4.896267700000000000e+07
1.000010000000000000e+07 2.017101800000000000e+07 4.893590900000000000e+07
1.000010000000000000e+07 2.017101900000000000e+07 4.899737000000000000e+07
1.000010000000000000e+07 2.017102000000000000e+07 4.934278500000000000e+07
1.000010000000000000e+07 2.017102100000000000e+07 4.944585000000000000e+07
1.000010000000000000e+07 2.017102200000000000e+07 4.930679400000000000e+07
1.000010000000000000e+07 2.017102300000000000e+07 4.911287900000000000e+07
1.000010000000000000e+07 2.017102400000000000e+07 4.910052700000000000e+07
1.000010000000000000e+07 2.017102500000000000e+07 4.923893200000000000e+07
1.000010000000000000e+07 2.017102600000000000e+07 4.929482600000000000e+07
1.000010000000000000e+07 2.017102700000000000e+07 4.964338400000000000e+07
1.000010000000000000e+07 2.017102800000000000e+07 4.985486200000000000e+07
1.000010000000000000e+07 2.017102900000000000e+07 4.936306500000000000e+07
1.000010000000000000e+07 2.017103000000000000e+07 4.934502200000000000e+07
1.000010000000000000e+07 2.017103100000000000e+07 4.937227600000000000e+07
1.000010000000000000e+07 2.017110100000000000e+07 4.927286600000000000e+07
1.000010000000000000e+07 2.017110200000000000e+07 4.852686900000000000e+07
1.000010000000000000e+07 2.017110300000000000e+07 4.899423600000000000e+07
1.000010000000000000e+07 2.017110400000000000e+07 4.908721400000000000e+07
1.000010000000000000e+07 2.017110500000000000e+07 4.883357300000000000e+07
1.000010000000000000e+07 2.017110600000000000e+07 4.887639900000000000e+07
1.000010000000000000e+07 2.017110700000000000e+07 4.895246600000000000e+07
1.000010000000000000e+07 2.017110800000000000e+07 4.896913200000000000e+07
1.000010000000000000e+07 2.017110900000000000e+07 4.900351000000000000e+07
1.000010000000000000e+07 2.017111000000000000e+07 4.934354900000000000e+07
1.000010000000000000e+07 2.017111100000000000e+07 4.945082200000000000e+07
1.000010000000000000e+07 2.017111200000000000e+07 4.924873100000000000e+07
1.000010000000000000e+07 2.017111300000000000e+07 4.924465800000000000e+07
1.000010000000000000e+07 2.017111400000000000e+07 4.927355600000000000e+07
1.000010000000000000e+07 2.017111500000000000e+07 4.934913100000000000e+07
1.000010000000000000e+07 2.017111600000000000e+07 4.934235800000000000e+07
1.000010000000000000e+07 2.017111700000000000e+07 4.970808200000000000e+07
1.000010000000000000e+07 2.017111800000000000e+07 4.965743000000000000e+07
1.000010000000000000e+07 2.017111900000000000e+07 4.939031500000000000e+07
1.000010000000000000e+07 2.017112000000000000e+07 4.937609300000000000e+07
1.000010000000000000e+07 2.017112100000000000e+07 4.936165000000000000e+07
1.000010000000000000e+07 2.017112200000000000e+07 4.938393500000000000e+07
1.000010000000000000e+07 2.017112300000000000e+07 4.941871800000000000e+07
1.000010000000000000e+07 2.017112400000000000e+07 4.968900800000000000e+07
1.000010000000000000e+07 2.017112500000000000e+07 4.986990900000000000e+07
1.000010000000000000e+07 2.017112600000000000e+07 4.956469900000000000e+07
1.000010000000000000e+07 2.017112700000000000e+07 4.942739400000000000e+07
1.000010000000000000e+07 2.017112800000000000e+07 4.945130500000000000e+07
1.000010000000000000e+07 2.017112900000000000e+07 4.940339600000000000e+07
1.000010000000000000e+07 2.017113000000000000e+07 4.945752900000000000e+07
1.000010000000000000e+07 2.017120100000000000e+07 4.977537400000000000e+07
1.000010000000000000e+07 2.017120200000000000e+07 4.902541400000000000e+07
1.000010000000000000e+07 2.017120300000000000e+07 4.914708000000000000e+07
1.000010000000000000e+07 2.017120400000000000e+07 4.892764100000000000e+07
1.000010000000000000e+07 2.017120500000000000e+07 4.887397800000000000e+07
1.000010000000000000e+07 2.017120600000000000e+07 4.904818000000000000e+07
1.000010000000000000e+07 2.017120700000000000e+07 4.913296500000000000e+07
1.000010000000000000e+07 2.017120800000000000e+07 4.939300800000000000e+07
1.000010000000000000e+07 2.017120900000000000e+07 4.958566800000000000e+07
1.000010000000000000e+07 2.017121000000000000e+07 4.946768600000000000e+07
1.000010000000000000e+07 2.017121100000000000e+07 4.922183000000000000e+07
1.000010000000000000e+07 2.017121200000000000e+07 4.925244300000000000e+07
1.000010000000000000e+07 2.017121300000000000e+07 4.931375300000000000e+07
1.000010000000000000e+07 2.017121400000000000e+07 4.939748900000000000e+07
1.000010000000000000e+07 2.017121500000000000e+07 4.969090100000000000e+07
1.000010000000000000e+07 2.017121600000000000e+07 4.974889000000000000e+07
1.000010000000000000e+07 2.017121700000000000e+07 4.950166900000000000e+07
1.000010000000000000e+07 2.017121800000000000e+07 4.951744800000000000e+07
1.000010000000000000e+07 2.017121900000000000e+07 4.958205900000000000e+07
1.000010000000000000e+07 2.017122000000000000e+07 4.962053900000000000e+07
1.000010000000000000e+07 2.017122100000000000e+07 4.968685600000000000e+07
1.000010000000000000e+07 2.017122200000000000e+07 5.002727500000000000e+07
1.000010000000000000e+07 2.017122300000000000e+07 5.000598100000000000e+07
1.000010000000000000e+07 2.017122400000000000e+07 4.968293400000000000e+07
1.000010000000000000e+07 2.017122500000000000e+07 4.963315500000000000e+07
1.000010000000000000e+07 2.017122600000000000e+07 4.967892200000000000e+07
1.000010000000000000e+07 2.017122700000000000e+07 4.968303900000000000e+07
1.000010000000000000e+07 2.017122800000000000e+07 4.971616800000000000e+07
1.000010000000000000e+07 2.017122900000000000e+07 5.020578200000000000e+07
1.000010000000000000e+07 2.017123000000000000e+07 5.019519100000000000e+07
1.000010000000000000e+07 2.017123100000000000e+07 5.011762900000000000e+07
1.000010000000000000e+07 2.018010100000000000e+07 4.976200500000000000e+07
1.000010000000000000e+07 2.018010200000000000e+07 4.884189900000000000e+07
1.000010000000000000e+07 2.018010300000000000e+07 4.876368700000000000e+07
1.000010000000000000e+07 2.018010400000000000e+07 4.930720800000000000e+07
1.000010000000000000e+07 2.018010500000000000e+07 4.899039100000000000e+07
1.000010000000000000e+07 2.018010600000000000e+07 4.887700200000000000e+07
1.000010000000000000e+07 2.018010700000000000e+07 4.841870100000000000e+07
1.000010000000000000e+07 2.018010800000000000e+07 4.884143400000000000e+07
1.000010000000000000e+07 2.018010900000000000e+07 4.894179600000000000e+07
1.000010000000000000e+07 2.018011000000000000e+07 4.900154200000000000e+07
1.000010000000000000e+07 2.018011100000000000e+07 4.897344000000000000e+07
1.000010000000000000e+07 2.018011200000000000e+07 4.928378900000000000e+07
1.000010000000000000e+07 2.018011300000000000e+07 4.931779100000000000e+07
1.000010000000000000e+07 2.018011400000000000e+07 4.916750100000000000e+07
1.000010000000000000e+07 2.018011500000000000e+07 4.927626800000000000e+07
1.000010000000000000e+07 2.018011600000000000e+07 4.920925000000000000e+07
1.000010000000000000e+07 2.018011700000000000e+07 4.924242200000000000e+07
1.000010000000000000e+07 2.018011800000000000e+07 4.923127000000000000e+07
1.000010000000000000e+07 2.018011900000000000e+07 4.952525800000000000e+07
1.000010000000000000e+07 2.018012000000000000e+07 4.951267300000000000e+07
1.000010000000000000e+07 2.018012100000000000e+07 4.928994800000000000e+07
1.000010000000000000e+07 2.018012200000000000e+07 4.946314700000000000e+07
1.000010000000000000e+07 2.018012300000000000e+07 4.949461000000000000e+07
1.000010000000000000e+07 2.018012400000000000e+07 4.962870100000000000e+07
1.000010000000000000e+07 2.018012500000000000e+07 4.976361400000000000e+07
1.000010000000000000e+07 2.018012600000000000e+07 4.949794900000000000e+07
1.000010000000000000e+07 2.018012700000000000e+07 4.936374700000000000e+07
1.000010000000000000e+07 2.018012800000000000e+07 4.871747000000000000e+07
1.000010000000000000e+07 2.018012900000000000e+07 4.947303800000000000e+07
1.000010000000000000e+07 2.018013000000000000e+07 4.958138500000000000e+07
1.000010000000000000e+07 2.018013100000000000e+07 4.968662800000000000e+07
1.000010000000000000e+07 2.018020100000000000e+07 4.966519000000000000e+07
1.000010000000000000e+07 2.018020200000000000e+07 4.907214500000000000e+07
1.000010000000000000e+07 2.018020300000000000e+07 4.928869700000000000e+07
1.000010000000000000e+07 2.018020400000000000e+07 4.903339800000000000e+07
1.000010000000000000e+07 2.018020500000000000e+07 4.947693800000000000e+07
1.000010000000000000e+07 2.018020600000000000e+07 4.948048600000000000e+07
1.000010000000000000e+07 2.018020700000000000e+07 4.963428800000000000e+07
1.000010000000000000e+07 2.018020800000000000e+07 4.971842400000000000e+07
1.000010000000000000e+07 2.018020900000000000e+07 4.986683900000000000e+07
1.000010000000000000e+07 2.018021000000000000e+07 4.974636500000000000e+07
1.000010000000000000e+07 2.018021100000000000e+07 4.986166600000000000e+07
1.000010000000000000e+07 2.018021200000000000e+07 4.990423000000000000e+07
1.000010000000000000e+07 2.018021300000000000e+07 4.999976000000000000e+07
1.000010000000000000e+07 2.018021400000000000e+07 4.988446000000000000e+07
1.000010000000000000e+07 2.018021500000000000e+07 4.927124400000000000e+07
1.000010000000000000e+07 2.018021600000000000e+07 4.878380000000000000e+07
1.000010000000000000e+07 2.018021700000000000e+07 4.887797700000000000e+07
1.000010000000000000e+07 2.018021800000000000e+07 4.865278200000000000e+07
1.000010000000000000e+07 2.018021900000000000e+07 4.862120500000000000e+07
1.000010000000000000e+07 2.018022000000000000e+07 4.887620600000000000e+07
1.000010000000000000e+07 2.018022100000000000e+07 4.900766500000000000e+07
1.000010000000000000e+07 2.018022200000000000e+07 4.955504700000000000e+07
1.000010000000000000e+07 2.018022300000000000e+07 4.994482000000000000e+07
1.000010000000000000e+07 2.018022400000000000e+07 4.989119700000000000e+07
1.000010000000000000e+07 2.018022500000000000e+07 4.985563900000000000e+07
1.000010000000000000e+07 2.018022600000000000e+07 5.001959400000000000e+07
1.000010000000000000e+07 2.018022700000000000e+07 4.994665900000000000e+07
1.000010000000000000e+07 2.018022800000000000e+07 4.985714600000000000e+07
1.000010000000000000e+07 2.018030100000000000e+07 4.982621100000000000e+07
1.000010000000000000e+07 2.018030200000000000e+07 4.954252100000000000e+07
1.000010000000000000e+07 2.018030300000000000e+07 4.963197000000000000e+07
1.000010000000000000e+07 2.018030400000000000e+07 4.936205400000000000e+07
1.000010000000000000e+07 2.018030500000000000e+07 4.949837700000000000e+07
1.000010000000000000e+07 2.018030600000000000e+07 4.943273100000000000e+07
1.000010000000000000e+07 2.018030700000000000e+07 4.929512500000000000e+07
1.000010000000000000e+07 2.018030800000000000e+07 4.953542600000000000e+07
1.000010000000000000e+07 2.018030900000000000e+07 4.987447100000000000e+07
1.000010000000000000e+07 2.018031000000000000e+07 4.999539400000000000e+07
1.000010000000000000e+07 2.018031100000000000e+07 4.982670100000000000e+07
1.000010000000000000e+07 2.018031200000000000e+07 4.980283700000000000e+07
1.000010000000000000e+07 2.018031300000000000e+07 4.980177500000000000e+07
1.000010000000000000e+07 2.018031400000000000e+07 4.979880200000000000e+07
1.000010000000000000e+07 2.018031500000000000e+07 4.985967600000000000e+07
1.000010000000000000e+07 2.018031600000000000e+07 5.009704500000000000e+07
1.000010000000000000e+07 2.018031700000000000e+07 5.013316900000000000e+07
1.000010000000000000e+07 2.018031800000000000e+07 4.981112600000000000e+07
1.000010000000000000e+07 2.018031900000000000e+07 4.980418600000000000e+07
1.000010000000000000e+07 2.018032000000000000e+07 4.963036400000000000e+07
1.000010000000000000e+07 2.018032100000000000e+07 4.986811200000000000e+07
1.000010000000000000e+07 2.018032200000000000e+07 5.001936900000000000e+07
1.000010000000000000e+07 2.018032300000000000e+07 5.039607800000000000e+07
1.000010000000000000e+07 2.018032400000000000e+07 5.045030400000000000e+07
1.000010000000000000e+07 2.018032500000000000e+07 5.023969700000000000e+07
1.000010000000000000e+07 2.018032600000000000e+07 5.014928100000000000e+07
1.000010000000000000e+07 2.018032700000000000e+07 5.012527200000000000e+07
1.000010000000000000e+07 2.018032800000000000e+07 5.017664200000000000e+07
1.000010000000000000e+07 2.018032900000000000e+07 5.008405000000000000e+07
1.000010000000000000e+07 2.018033000000000000e+07 5.036758200000000000e+07
1.000010000000000000e+07 2.018033100000000000e+07 5.045592200000000000e+07
1.000010000000000000e+07 2.018040100000000000e+07 5.025275100000000000e+07
1.000010000000000000e+07 2.018040200000000000e+07 4.948390200000000000e+07
1.000010000000000000e+07 2.018040300000000000e+07 4.972900800000000000e+07
1.000010000000000000e+07 2.018040400000000000e+07 5.029724600000000000e+07
1.000010000000000000e+07 2.018040500000000000e+07 4.975538300000000000e+07
1.000010000000000000e+07 2.018040600000000000e+07 4.981071700000000000e+07
1.000010000000000000e+07 2.018040700000000000e+07 4.975640700000000000e+07
1.000010000000000000e+07 2.018040800000000000e+07 4.972784800000000000e+07
1.000010000000000000e+07 2.018040900000000000e+07 4.969532900000000000e+07
1.000010000000000000e+07 2.018041000000000000e+07 4.986069400000000000e+07
1.000010000000000000e+07 2.018041100000000000e+07 4.982225200000000000e+07
1.000010000000000000e+07 2.018041200000000000e+07 4.969213700000000000e+07
1.000010000000000000e+07 2.018041300000000000e+07 5.003568000000000000e+07
1.000010000000000000e+07 2.018041400000000000e+07 5.005003200000000000e+07
1.000010000000000000e+07 2.018041500000000000e+07 4.996124200000000000e+07
1.000010000000000000e+07 2.018041600000000000e+07 4.985753300000000000e+07
1.000010000000000000e+07 2.018041700000000000e+07 4.997558100000000000e+07
1.000010000000000000e+07 2.018041800000000000e+07 4.998782500000000000e+07
1.000010000000000000e+07 2.018041900000000000e+07 4.998949700000000000e+07
1.000010000000000000e+07 2.018042000000000000e+07 5.021868600000000000e+07
1.000010000000000000e+07 2.018042100000000000e+07 5.026930100000000000e+07
1.000010000000000000e+07 2.018042200000000000e+07 4.995189900000000000e+07
1.000010000000000000e+07 2.018042300000000000e+07 4.993040100000000000e+07
1.000010000000000000e+07 2.018042400000000000e+07 5.001417500000000000e+07
1.000010000000000000e+07 2.018042500000000000e+07 5.009708300000000000e+07
1.000010000000000000e+07 2.018042600000000000e+07 5.003968500000000000e+07
1.000010000000000000e+07 2.018042700000000000e+07 5.018271300000000000e+07
1.000010000000000000e+07 2.018042800000000000e+07 5.052294300000000000e+07
1.000010000000000000e+07 2.018042900000000000e+07 5.050879500000000000e+07
1.000010000000000000e+07 2.018043000000000000e+07 5.030068600000000000e+07
1.000010000000000000e+07 2.018050100000000000e+07 5.033194900000000000e+07
1.000010000000000000e+07 2.018050200000000000e+07 4.945745300000000000e+07
1.000010000000000000e+07 2.018050300000000000e+07 4.954035600000000000e+07
1.000010000000000000e+07 2.018050400000000000e+07 4.977439700000000000e+07
1.000010000000000000e+07 2.018050500000000000e+07 4.966209900000000000e+07
1.000010000000000000e+07 2.018050600000000000e+07 4.923300400000000000e+07
1.000010000000000000e+07 2.018050700000000000e+07 4.965314900000000000e+07
1.000010000000000000e+07 2.018050800000000000e+07 4.965896300000000000e+07
1.000010000000000000e+07 2.018050900000000000e+07 4.974466400000000000e+07
1.000010000000000000e+07 2.018051000000000000e+07 4.973824000000000000e+07
1.000010000000000000e+07 2.018051100000000000e+07 5.003078700000000000e+07
1.000010000000000000e+07 2.018051200000000000e+07 5.006870800000000000e+07
1.000010000000000000e+07 2.018051300000000000e+07 5.015018600000000000e+07
1.000010000000000000e+07 2.018051400000000000e+07 4.974561700000000000e+07
1.000010000000000000e+07 2.018051500000000000e+07 4.981850400000000000e+07
1.000010000000000000e+07 2.018051600000000000e+07 4.991350800000000000e+07
1.000010000000000000e+07 2.018051700000000000e+07 4.981088100000000000e+07
1.000010000000000000e+07 2.018051800000000000e+07 5.001836300000000000e+07
1.000010000000000000e+07 2.018051900000000000e+07 5.002404200000000000e+07
1.000010000000000000e+07 2.018052000000000000e+07 4.980314600000000000e+07
1.000010000000000000e+07 2.018052100000000000e+07 4.980685000000000000e+07
1.000010000000000000e+07 2.018052200000000000e+07 4.984891800000000000e+07
1.000010000000000000e+07 2.018052300000000000e+07 4.991090400000000000e+07
1.000010000000000000e+07 2.018052400000000000e+07 4.986350300000000000e+07
1.000010000000000000e+07 2.018052500000000000e+07 5.011066500000000000e+07
1.000010000000000000e+07 2.018052600000000000e+07 5.017931300000000000e+07
1.000010000000000000e+07 2.018052700000000000e+07 4.989734900000000000e+07
1.000010000000000000e+07 2.018052800000000000e+07 4.986239500000000000e+07
1.000010000000000000e+07 2.018052900000000000e+07 4.988424700000000000e+07
1.000010000000000000e+07 2.018053000000000000e+07 4.993962000000000000e+07
1.000010000000000000e+07 2.018053100000000000e+07 5.002683600000000000e+07
1.000010000000000000e+07 2.018060100000000000e+07 5.031029400000000000e+07
1.000010000000000000e+07 2.018060200000000000e+07 4.956380600000000000e+07
1.000010000000000000e+07 2.018060300000000000e+07 4.947859000000000000e+07
1.000010000000000000e+07 2.018060400000000000e+07 4.953669600000000000e+07
1.000010000000000000e+07 2.018060500000000000e+07 4.971487500000000000e+07
1.000010000000000000e+07 2.018060600000000000e+07 4.969034800000000000e+07
1.000010000000000000e+07 2.018060700000000000e+07 4.974430000000000000e+07
1.000010000000000000e+07 2.018060800000000000e+07 4.994027400000000000e+07
1.000010000000000000e+07 2.018060900000000000e+07 4.998466200000000000e+07
1.000010000000000000e+07 2.018061000000000000e+07 4.979003400000000000e+07
1.000010000000000000e+07 2.018061100000000000e+07 4.981658400000000000e+07
1.000010000000000000e+07 2.018061200000000000e+07 4.987215700000000000e+07
1.000010000000000000e+07 2.018061300000000000e+07 4.988552200000000000e+07
1.000010000000000000e+07 2.018061400000000000e+07 4.994054300000000000e+07
1.000010000000000000e+07 2.018061500000000000e+07 5.018879600000000000e+07
1.000010000000000000e+07 2.018061600000000000e+07 5.011501000000000000e+07
1.000010000000000000e+07 2.018061700000000000e+07 5.018889000000000000e+07
1.000010000000000000e+07 2.018061800000000000e+07 4.988411300000000000e+07
1.000010000000000000e+07 2.018061900000000000e+07 4.991688800000000000e+07
1.000010000000000000e+07 2.018062000000000000e+07 4.991482900000000000e+07
1.000010000000000000e+07 2.018062100000000000e+07 4.998237400000000000e+07
1.000010000000000000e+07 2.018062200000000000e+07 5.011708000000000000e+07
1.000010000000000000e+07 2.018062300000000000e+07 5.003633400000000000e+07
1.000010000000000000e+07 2.018062400000000000e+07 4.969446600000000000e+07
