10000100.0 20180525.0 50110665.0 0.906267307256839
10000100.0 20180526.0 50179313.0 0.9218746447607381
10000100.0 20180527.0 49897349.0 0.85776924748843
10000100.0 20180528.0 49862395.0 0.8498223462660887
10000100.0 20180529.0 49884247.0 0.8547904668105357
10000100.0 20180530.0 49939620.0 0.8673796915454647
10000100.0 20180531.0 50026836.0 0.8872085219227527
10000100.0 20180601.0 50310294.0 0.9516535847677042
10000100.0 20180602.0 49563806.0 0.7819372032473302
10000100.0 20180603.0 49478590.0 0.7625630791252543
10000100.0 20180604.0 49536696.0 0.7757736599579306
10000100.0 20180605.0 49714875.0 0.8162832128816463
10000100.0 20180606.0 49690348.0 0.8107069227208531
10000100.0 20180607.0 49744300.0 0.8229730786614539
10000100.0 20180608.0 49940274.0 0.8675283804909191
10000100.0 20180609.0 49984662.0 0.8776201311190958
10000100.0 20180610.0 49790034.0 0.8333708465993883
10000100.0 20180611.0 49816584.0 0.8394070721373286
10000100.0 20180612.0 49872157.0 0.8520417674977787
10000100.0 20180613.0 49885522.0 0.8550803420482335
10000100.0 20180614.0 49940543.0 0.8675895384822451
10000100.0 20180615.0 50188796.0 0.9240306344698261
10000100.0 20180616.0 50115010.0 0.9072551565962872
10000100.0 20180617.0 50188890.0 0.9240520056638211
10000100.0 20180618.0 49884113.0 0.8547600014914365
10000100.0 20180619.0 49916888.0 0.8622115002487243
10000100.0 20180620.0 49914829.0 0.8617433801589834
10000100.0 20180621.0 49982374.0 0.8770999471631331
10000100.0 20180622.0 50117080.0 0.9077257775704317
10000100.0 20180623.0 50036334.0 0.8893679219287548
10000100.0 20180624.0 49694466.0 0.8116431629003348
