2.016010100000000000e+07 2.000000000000000000e+00 0.000000000000000000e+00 2.453703703703703776e-01 1.250000000000000000e-01 3.200000000000000067e-01 5.370370370370370905e-01
2.016010100000000000e+07 8.000000000000000000e+00 1.000000000000000000e+00 2.546296296296296502e-01 1.796875000000000000e-01 4.199999999999999289e-01 6.203703703703703498e-01
2.016010100000000000e+07 1.100000000000000000e+01 1.000000000000000000e+00 2.847222222222222099e-01 1.953125000000000000e-01 4.599999999999999645e-01 6.388888888888888395e-01
2.016010100000000000e+07 1.400000000000000000e+01 1.000000000000000000e+00 3.078703703703703498e-01 2.187500000000000000e-01 4.799999999999999822e-01 6.666666666666666297e-01
2.016010100000000000e+07 1.700000000000000000e+01 1.000000000000000000e+00 3.495370370370370350e-01 2.343750000000000000e-01 5.199999999999999067e-01 7.222222222222222099e-01
2.016010100000000000e+07 2.000000000000000000e+01 1.000000000000000000e+00 4.027777777777777901e-01 2.500000000000000000e-01 5.599999999999999423e-01 7.685185185185184897e-01
2.016010100000000000e+07 2.300000000000000000e+01 1.000000000000000000e+00 4.398148148148148251e-01 2.578125000000000000e-01 5.999999999999999778e-01 8.055555555555555802e-01
2.016010200000000000e+07 1.000000000000000000e+00 1.000000000000000000e+00 4.745370370370370350e-01 2.734375000000000000e-01 6.399999999999999023e-01 8.333333333333333703e-01
2.016010200000000000e+07 1.000000000000000000e+01 1.000000000000000000e+00 5.370370370370370905e-01 2.890625000000000000e-01 7.199999999999999734e-01 8.611111111111111605e-01
2.016010200000000000e+07 1.900000000000000000e+01 1.000000000000000000e+00 6.250000000000000000e-01 3.046875000000000000e-01 7.600000000000000089e-01 9.166666666666666297e-01
2.016010200000000000e+07 2.200000000000000000e+01 1.000000000000000000e+00 7.314814814814815103e-01 3.046875000000000000e-01 8.000000000000000444e-01 9.537037037037037202e-01
2.016010300000000000e+07 0.000000000000000000e+00 1.000000000000000000e+00 8.009259259259259300e-01 3.046875000000000000e-01 8.000000000000000444e-01 9.722222222222222099e-01
2.016010500000000000e+07 1.600000000000000000e+01 0.000000000000000000e+00 4.861111111111111188e-02 1.562500000000000000e-02 4.000000000000000083e-02 1.481481481481481399e-01
2.016010500000000000e+07 1.900000000000000000e+01 0.000000000000000000e+00 1.203703703703703637e-01 3.125000000000000000e-02 5.999999999999999778e-02 1.759259259259259300e-01
2.016010500000000000e+07 2.200000000000000000e+01 0.000000000000000000e+00 1.597222222222222099e-01 4.687500000000000000e-02 9.999999999999999167e-02 2.222222222222222099e-01
2.016010600000000000e+07 0.000000000000000000e+00 0.000000000000000000e+00 1.805555555555555525e-01 5.468750000000000000e-02 1.200000000000000233e-01 2.500000000000000000e-01
2.016010600000000000e+07 9.000000000000000000e+00 0.000000000000000000e+00 1.666666666666666574e-01 8.593750000000000000e-02 1.800000000000000211e-01 3.611111111111111049e-01
2.016010600000000000e+07 1.200000000000000000e+01 0.000000000000000000e+00 1.435185185185185175e-01 9.375000000000000000e-02 1.800000000000000211e-01 3.611111111111111049e-01
2.016010600000000000e+07 1.500000000000000000e+01 0.000000000000000000e+00 1.250000000000000000e-01 8.593750000000000000e-02 1.800000000000000211e-01 3.333333333333333148e-01
2.016010600000000000e+07 1.800000000000000000e+01 0.000000000000000000e+00 1.041666666666666713e-01 7.812500000000000000e-02 1.600000000000000033e-01 3.055555555555555802e-01
2.016010600000000000e+07 2.100000000000000000e+01 0.000000000000000000e+00 7.638888888888889506e-02 6.250000000000000000e-02 1.399999999999999856e-01 2.592592592592592449e-01
2.016010700000000000e+07 2.000000000000000000e+00 0.000000000000000000e+00 3.472222222222222376e-02 3.125000000000000000e-02 7.999999999999998779e-02 1.759259259259259300e-01
2.016010700000000000e+07 5.000000000000000000e+00 0.000000000000000000e+00 2.777777777777777624e-02 2.343750000000000000e-02 5.999999999999999778e-02 1.296296296296296224e-01
2.016010700000000000e+07 8.000000000000000000e+00 0.000000000000000000e+00 2.314814814814814686e-02 1.562500000000000000e-02 5.999999999999999778e-02 9.259259259259258745e-02
2.016010700000000000e+07 1.100000000000000000e+01 0.000000000000000000e+00 1.620370370370370280e-02 7.812500000000000000e-03 4.000000000000000083e-02 6.481481481481481122e-02
2.016010700000000000e+07 1.700000000000000000e+01 0.000000000000000000e+00 1.157407407407407343e-02 0.000000000000000000e+00 1.999999999999999695e-02 6.481481481481481122e-02
2.016010700000000000e+07 2.000000000000000000e+01 0.000000000000000000e+00 9.259259259259258745e-03 7.812500000000000000e-03 4.000000000000000083e-02 7.407407407407406996e-02
2.016010700000000000e+07 2.300000000000000000e+01 0.000000000000000000e+00 2.314814814814814686e-03 7.812500000000000000e-03 4.000000000000000083e-02 9.259259259259258745e-02
2.016010800000000000e+07 1.000000000000000000e+00 0.000000000000000000e+00 2.314814814814814686e-03 1.562500000000000000e-02 4.000000000000000083e-02 1.018518518518518462e-01
2.016010800000000000e+07 4.000000000000000000e+00 0.000000000000000000e+00 0.000000000000000000e+00 1.562500000000000000e-02 4.000000000000000083e-02 1.111111111111111049e-01
2.016010800000000000e+07 7.000000000000000000e+00 0.000000000000000000e+00 4.629629629629629373e-03 1.562500000000000000e-02 4.000000000000000083e-02 1.111111111111111049e-01
2.016010800000000000e+07 1.000000000000000000e+01 0.000000000000000000e+00 9.259259259259258745e-03 1.562500000000000000e-02 4.000000000000000083e-02 1.203703703703703637e-01
2.016010800000000000e+07 1.600000000000000000e+01 0.000000000000000000e+00 9.259259259259258745e-03 2.343750000000000000e-02 5.999999999999999778e-02 1.296296296296296224e-01
2.016010800000000000e+07 1.900000000000000000e+01 0.000000000000000000e+00 2.314814814814814686e-02 2.343750000000000000e-02 5.999999999999999778e-02 1.574074074074074125e-01
2.016010800000000000e+07 2.200000000000000000e+01 0.000000000000000000e+00 6.481481481481481122e-02 4.687500000000000000e-02 7.999999999999998779e-02 1.944444444444444475e-01
2.016010900000000000e+07 0.000000000000000000e+00 0.000000000000000000e+00 9.027777777777777624e-02 5.468750000000000000e-02 9.999999999999999167e-02 2.222222222222222099e-01
2.016010900000000000e+07 3.000000000000000000e+00 0.000000000000000000e+00 1.226851851851851888e-01 7.031250000000000000e-02 1.399999999999999856e-01 2.777777777777777901e-01
2.016010900000000000e+07 1.200000000000000000e+01 0.000000000000000000e+00 1.620370370370370350e-01 8.593750000000000000e-02 2.000000000000000111e-01 3.796296296296296502e-01
2.016010900000000000e+07 1.800000000000000000e+01 0.000000000000000000e+00 2.013888888888888951e-01 1.093750000000000000e-01 2.399999999999999911e-01 4.537037037037037202e-01
2.016010900000000000e+07 2.100000000000000000e+01 0.000000000000000000e+00 2.106481481481481399e-01 1.093750000000000000e-01 2.600000000000000089e-01 4.629629629629629650e-01
2.016011000000000000e+07 1.100000000000000000e+01 0.000000000000000000e+00 2.060185185185185175e-01 1.250000000000000000e-01 2.399999999999999911e-01 4.629629629629629650e-01
2.016011000000000000e+07 1.400000000000000000e+01 0.000000000000000000e+00 2.037037037037036924e-01 1.328125000000000000e-01 2.600000000000000089e-01 4.629629629629629650e-01
2.016011000000000000e+07 1.700000000000000000e+01 0.000000000000000000e+00 2.083333333333333426e-01 1.484375000000000000e-01 2.800000000000000266e-01 4.722222222222222099e-01
2.016011000000000000e+07 2.000000000000000000e+01 0.000000000000000000e+00 1.875000000000000000e-01 1.562500000000000000e-01 2.800000000000000266e-01 4.444444444444444198e-01
2.016011000000000000e+07 2.300000000000000000e+01 0.000000000000000000e+00 1.064814814814814825e-01 1.328125000000000000e-01 2.399999999999999911e-01 3.796296296296296502e-01
2.016011100000000000e+07 1.000000000000000000e+00 0.000000000000000000e+00 9.259259259259258745e-02 1.171875000000000000e-01 2.000000000000000111e-01 3.425925925925926152e-01
2.016011100000000000e+07 4.000000000000000000e+00 0.000000000000000000e+00 8.333333333333332871e-02 1.015625000000000000e-01 1.800000000000000211e-01 2.962962962962962798e-01
2.016011100000000000e+07 7.000000000000000000e+00 0.000000000000000000e+00 7.175925925925925875e-02 1.015625000000000000e-01 1.600000000000000033e-01 2.592592592592592449e-01
2.016011100000000000e+07 1.000000000000000000e+01 0.000000000000000000e+00 6.944444444444444753e-02 9.375000000000000000e-02 1.600000000000000033e-01 2.222222222222222099e-01
2.016011100000000000e+07 1.600000000000000000e+01 0.000000000000000000e+00 4.398148148148148251e-02 5.468750000000000000e-02 9.999999999999999167e-02 1.574074074074074125e-01
2.016011100000000000e+07 1.900000000000000000e+01 0.000000000000000000e+00 2.546296296296296155e-02 3.125000000000000000e-02 5.999999999999999778e-02 1.203703703703703637e-01
2.016011100000000000e+07 2.200000000000000000e+01 0.000000000000000000e+00 1.157407407407407343e-02 1.562500000000000000e-02 4.000000000000000083e-02 9.259259259259258745e-02
2.016011200000000000e+07 0.000000000000000000e+00 0.000000000000000000e+00 1.388888888888888812e-02 1.562500000000000000e-02 4.000000000000000083e-02 9.259259259259258745e-02
2.016011200000000000e+07 3.000000000000000000e+00 0.000000000000000000e+00 1.157407407407407343e-02 1.562500000000000000e-02 4.000000000000000083e-02 9.259259259259258745e-02
2.016011200000000000e+07 6.000000000000000000e+00 0.000000000000000000e+00 9.259259259259258745e-03 1.562500000000000000e-02 4.000000000000000083e-02 9.259259259259258745e-02
2.016011200000000000e+07 9.000000000000000000e+00 0.000000000000000000e+00 9.259259259259258745e-03 1.562500000000000000e-02 4.000000000000000083e-02 9.259259259259258745e-02
2.016011200000000000e+07 1.200000000000000000e+01 0.000000000000000000e+00 9.259259259259258745e-03 1.562500000000000000e-02 4.000000000000000083e-02 9.259259259259258745e-02
2.016011200000000000e+07 1.800000000000000000e+01 0.000000000000000000e+00 1.388888888888888812e-02 2.343750000000000000e-02 4.000000000000000083e-02 9.259259259259258745e-02
2.016011200000000000e+07 2.100000000000000000e+01 0.000000000000000000e+00 1.620370370370370280e-02 3.125000000000000000e-02 5.999999999999999778e-02 1.111111111111111049e-01
2.016011300000000000e+07 2.000000000000000000e+00 0.000000000000000000e+00 2.083333333333333218e-02 3.906250000000000000e-02 7.999999999999998779e-02 1.388888888888888951e-01
2.016011300000000000e+07 5.000000000000000000e+00 0.000000000000000000e+00 2.314814814814814686e-02 3.906250000000000000e-02 7.999999999999998779e-02 1.481481481481481399e-01
2.016011300000000000e+07 8.000000000000000000e+00 0.000000000000000000e+00 2.777777777777777624e-02 3.906250000000000000e-02 7.999999999999998779e-02 1.851851851851851749e-01
2.016011300000000000e+07 1.400000000000000000e+01 0.000000000000000000e+00 3.703703703703703498e-02 5.468750000000000000e-02 9.999999999999999167e-02 2.314814814814814825e-01
2.016011300000000000e+07 1.700000000000000000e+01 0.000000000000000000e+00 4.398148148148148251e-02 6.250000000000000000e-02 9.999999999999999167e-02 2.407407407407407274e-01
2.016011300000000000e+07 2.000000000000000000e+01 0.000000000000000000e+00 5.324074074074074125e-02 7.031250000000000000e-02 9.999999999999999167e-02 2.685185185185185452e-01
2.016011300000000000e+07 2.300000000000000000e+01 0.000000000000000000e+00 6.018518518518518184e-02 7.812500000000000000e-02 1.399999999999999856e-01 2.962962962962962798e-01
2.016011400000000000e+07 1.000000000000000000e+00 0.000000000000000000e+00 6.250000000000000000e-02 7.812500000000000000e-02 1.399999999999999856e-01 3.240740740740740700e-01
2.016011400000000000e+07 4.000000000000000000e+00 0.000000000000000000e+00 7.638888888888889506e-02 9.375000000000000000e-02 1.800000000000000211e-01 3.796296296296296502e-01
2.016011400000000000e+07 7.000000000000000000e+00 0.000000000000000000e+00 8.564814814814815380e-02 9.375000000000000000e-02 2.000000000000000111e-01 3.981481481481481399e-01
2.016011400000000000e+07 1.000000000000000000e+01 0.000000000000000000e+00 1.157407407407407413e-01 1.171875000000000000e-01 2.399999999999999911e-01 4.259259259259259300e-01
2.016011400000000000e+07 1.300000000000000000e+01 0.000000000000000000e+00 1.342592592592592726e-01 1.250000000000000000e-01 2.600000000000000089e-01 4.444444444444444198e-01
2.016011400000000000e+07 1.600000000000000000e+01 0.000000000000000000e+00 1.388888888888888951e-01 1.328125000000000000e-01 2.800000000000000266e-01 4.629629629629629650e-01
2.016011400000000000e+07 1.900000000000000000e+01 0.000000000000000000e+00 1.527777777777777901e-01 1.406250000000000000e-01 2.999999999999999889e-01 4.814814814814814548e-01
2.016011400000000000e+07 2.200000000000000000e+01 0.000000000000000000e+00 1.759259259259259300e-01 1.562500000000000000e-01 2.999999999999999889e-01 5.000000000000000000e-01
2.016011500000000000e+07 0.000000000000000000e+00 0.000000000000000000e+00 1.944444444444444475e-01 1.718750000000000000e-01 3.200000000000000067e-01 5.185185185185184897e-01
2.016011500000000000e+07 3.000000000000000000e+00 0.000000000000000000e+00 2.291666666666666574e-01 1.953125000000000000e-01 3.800000000000000044e-01 5.462962962962962798e-01
2.016011500000000000e+07 6.000000000000000000e+00 1.000000000000000000e+00 2.638888888888888951e-01 2.265625000000000000e-01 4.799999999999999822e-01 6.018518518518518601e-01
2.016011500000000000e+07 9.000000000000000000e+00 1.000000000000000000e+00 2.615740740740740700e-01 2.265625000000000000e-01 5.000000000000000000e-01 6.018518518518518601e-01
2.016011500000000000e+07 1.200000000000000000e+01 1.000000000000000000e+00 2.453703703703703776e-01 2.109375000000000000e-01 4.799999999999999822e-01 6.018518518518518601e-01
2.016011500000000000e+07 1.500000000000000000e+01 0.000000000000000000e+00 2.407407407407407274e-01 2.109375000000000000e-01 4.799999999999999822e-01 6.203703703703703498e-01
2.016011500000000000e+07 1.800000000000000000e+01 1.000000000000000000e+00 2.500000000000000000e-01 2.187500000000000000e-01 5.000000000000000000e-01 6.388888888888888395e-01
2.016011500000000000e+07 2.100000000000000000e+01 1.000000000000000000e+00 2.500000000000000000e-01 2.187500000000000000e-01 5.199999999999999067e-01 6.481481481481481399e-01
2.016011600000000000e+07 5.000000000000000000e+00 1.000000000000000000e+00 2.453703703703703776e-01 2.421875000000000000e-01 4.199999999999999289e-01 5.740740740740740700e-01
2.016011600000000000e+07 8.000000000000000000e+00 1.000000000000000000e+00 2.453703703703703776e-01 2.656250000000000000e-01 4.000000000000000222e-01 5.462962962962962798e-01
2.016011600000000000e+07 1.100000000000000000e+01 1.000000000000000000e+00 2.638888888888888951e-01 2.968750000000000000e-01 4.399999999999999467e-01 5.555555555555555802e-01
2.016011600000000000e+07 1.400000000000000000e+01 1.000000000000000000e+00 2.800925925925926152e-01 3.359375000000000000e-01 4.599999999999999645e-01 5.555555555555555802e-01
2.016011600000000000e+07 1.700000000000000000e+01 1.000000000000000000e+00 2.939814814814814548e-01 3.515625000000000000e-01 4.799999999999999822e-01 5.555555555555555802e-01
2.016011600000000000e+07 2.000000000000000000e+01 1.000000000000000000e+00 3.032407407407407551e-01 3.593750000000000000e-01 4.799999999999999822e-01 5.462962962962962798e-01
2.016011600000000000e+07 2.300000000000000000e+01 1.000000000000000000e+00 2.847222222222222099e-01 3.437500000000000000e-01 4.599999999999999645e-01 5.000000000000000000e-01
2.016011700000000000e+07 1.000000000000000000e+00 1.000000000000000000e+00 2.777777777777777901e-01 3.359375000000000000e-01 4.399999999999999467e-01 4.907407407407407551e-01
2.016011700000000000e+07 7.000000000000000000e+00 1.000000000000000000e+00 2.662037037037037202e-01 2.578125000000000000e-01 3.599999999999999867e-01 4.259259259259259300e-01
2.016011700000000000e+07 1.000000000000000000e+01 0.000000000000000000e+00 2.407407407407407274e-01 2.109375000000000000e-01 2.999999999999999889e-01 3.611111111111111049e-01
2.016011700000000000e+07 1.300000000000000000e+01 0.000000000000000000e+00 2.083333333333333426e-01 1.718750000000000000e-01 2.600000000000000089e-01 3.055555555555555802e-01
2.016011700000000000e+07 1.600000000000000000e+01 0.000000000000000000e+00 1.689814814814814825e-01 1.328125000000000000e-01 2.000000000000000111e-01 2.500000000000000000e-01
2.016011700000000000e+07 1.900000000000000000e+01 0.000000000000000000e+00 1.226851851851851888e-01 1.015625000000000000e-01 1.399999999999999856e-01 1.851851851851851749e-01
2.016011700000000000e+07 2.200000000000000000e+01 0.000000000000000000e+00 7.870370370370370627e-02 7.812500000000000000e-02 9.999999999999999167e-02 1.574074074074074125e-01
2.016011800000000000e+07 3.000000000000000000e+00 0.000000000000000000e+00 4.861111111111111188e-02 4.687500000000000000e-02 1.999999999999999695e-02 7.407407407407406996e-02
2.016011800000000000e+07 6.000000000000000000e+00 0.000000000000000000e+00 4.629629629629629373e-02 3.906250000000000000e-02 0.000000000000000000e+00 4.629629629629629373e-02
2.016011800000000000e+07 9.000000000000000000e+00 0.000000000000000000e+00 4.166666666666666435e-02 3.125000000000000000e-02 0.000000000000000000e+00 4.629629629629629373e-02
2.016011800000000000e+07 1.200000000000000000e+01 0.000000000000000000e+00 4.398148148148148251e-02 3.125000000000000000e-02 0.000000000000000000e+00 3.703703703703703498e-02
2.014020100000000000e+07 0.000000000000000000e+00 1.000000000000000000e+00 2.986111111111111049e-01 3.906250000000000000e-01 3.599999999999999867e-01 3.981481481481481399e-01
2.014020200000000000e+07 3.000000000000000000e+00 0.000000000000000000e+00 1.851851851851851749e-01 1.328125000000000000e-01 2.000000000000000111e-01 1.574074074074074125e-01
2.014020300000000000e+07 6.000000000000000000e+00 1.000000000000000000e+00 3.611111111111111049e-01 5.546875000000000000e-01 5.199999999999999067e-01 6.481481481481481399e-01
2.014020400000000000e+07 9.000000000000000000e+00 1.000000000000000000e+00 6.435185185185184897e-01 5.546875000000000000e-01 5.799999999999999600e-01 7.500000000000000000e-01
2.014020500000000000e+07 1.200000000000000000e+01 1.000000000000000000e+00 1.000000000000000000e+00 7.656250000000000000e-01 7.199999999999999734e-01 8.888888888888888395e-01
2.014020600000000000e+07 1.500000000000000000e+01 1.000000000000000000e+00 4.328703703703703498e-01 6.015625000000000000e-01 5.999999999999999778e-01 6.851851851851852304e-01
2.014020700000000000e+07 1.800000000000000000e+01 1.000000000000000000e+00 8.101851851851851749e-02 5.078125000000000000e-01 3.800000000000000044e-01 5.370370370370370905e-01
2.014020800000000000e+07 2.100000000000000000e+01 1.000000000000000000e+00 6.550925925925925597e-01 7.812500000000000000e-01 6.399999999999999023e-01 8.148148148148147696e-01
2.014020900000000000e+07 1.900000000000000000e+01 1.000000000000000000e+00 5.300925925925925597e-01 1.000000000000000000e+00 6.799999999999999378e-01 7.222222222222222099e-01
2.014021000000000000e+07 2.200000000000000000e+01 1.000000000000000000e+00 8.611111111111111605e-01 5.937500000000000000e-01 1.000000000000000000e+00 1.000000000000000000e+00
2.014021100000000000e+07 3.000000000000000000e+00 1.000000000000000000e+00 5.393518518518518601e-01 6.171875000000000000e-01 6.999999999999999556e-01 8.518518518518518601e-01
2.014021200000000000e+07 6.000000000000000000e+00 0.000000000000000000e+00 1.620370370370370280e-02 8.593750000000000000e-02 5.999999999999999778e-02 1.018518518518518462e-01
2.014021300000000000e+07 9.000000000000000000e+00 0.000000000000000000e+00 1.967592592592592726e-01 2.421875000000000000e-01 2.600000000000000089e-01 5.277777777777777901e-01
2.015020100000000000e+07 2.100000000000000000e+01 0.000000000000000000e+00 1.875000000000000000e-01 3.046875000000000000e-01 3.399999999999999689e-01 4.907407407407407551e-01
2.015020200000000000e+07 2.000000000000000000e+00 1.000000000000000000e+00 3.217592592592592449e-01 4.296875000000000000e-01 4.599999999999999645e-01 6.759259259259259300e-01
2.015020300000000000e+07 5.000000000000000000e+00 1.000000000000000000e+00 1.435185185185185175e-01 2.109375000000000000e-01 3.399999999999999689e-01 4.351851851851851749e-01
2.015020400000000000e+07 8.000000000000000000e+00 0.000000000000000000e+00 3.472222222222222376e-02 5.468750000000000000e-02 4.000000000000000083e-02 5.555555555555555247e-02
2.015020500000000000e+07 1.400000000000000000e+01 0.000000000000000000e+00 4.166666666666666435e-02 1.093750000000000000e-01 9.999999999999999167e-02 2.592592592592592449e-01
2.015020600000000000e+07 1.700000000000000000e+01 0.000000000000000000e+00 1.412037037037036924e-01 2.187500000000000000e-01 3.200000000000000067e-01 5.370370370370370905e-01
2.015020700000000000e+07 2.000000000000000000e+01 0.000000000000000000e+00 2.083333333333333218e-02 6.250000000000000000e-02 4.000000000000000083e-02 7.407407407407406996e-02
2.015020800000000000e+07 2.300000000000000000e+01 0.000000000000000000e+00 3.472222222222222376e-02 1.171875000000000000e-01 7.999999999999998779e-02 1.481481481481481399e-01
2.015020900000000000e+07 1.000000000000000000e+00 1.000000000000000000e+00 2.546296296296296502e-01 3.593750000000000000e-01 3.399999999999999689e-01 6.018518518518518601e-01
2.015021000000000000e+07 4.000000000000000000e+00 1.000000000000000000e+00 2.800925925925926152e-01 3.515625000000000000e-01 4.399999999999999467e-01 7.407407407407406996e-01
2.015021100000000000e+07 7.000000000000000000e+00 0.000000000000000000e+00 9.027777777777777624e-02 1.640625000000000000e-01 1.600000000000000033e-01 2.777777777777777901e-01
2.015021200000000000e+07 1.000000000000000000e+01 0.000000000000000000e+00 5.787037037037037063e-02 1.093750000000000000e-01 1.200000000000000233e-01 2.777777777777777901e-01
2.015021300000000000e+07 1.300000000000000000e+01 1.000000000000000000e+00 2.638888888888888951e-01 2.500000000000000000e-01 3.800000000000000044e-01 6.388888888888888395e-01
2.015021400000000000e+07 1.600000000000000000e+01 1.000000000000000000e+00 5.138888888888888395e-01 4.140625000000000000e-01 5.999999999999999778e-01 8.796296296296296502e-01
2.015021500000000000e+07 1.900000000000000000e+01 1.000000000000000000e+00 6.736111111111111605e-01 5.937500000000000000e-01 8.400000000000000799e-01 9.166666666666666297e-01
2.015021600000000000e+07 2.200000000000000000e+01 1.000000000000000000e+00 3.217592592592592449e-01 2.265625000000000000e-01 4.199999999999999289e-01 3.703703703703703498e-01
2.015021700000000000e+07 0.000000000000000000e+00 0.000000000000000000e+00 5.555555555555555247e-02 6.250000000000000000e-02 5.999999999999999778e-02 1.296296296296296224e-01
2.015021800000000000e+07 3.000000000000000000e+00 0.000000000000000000e+00 9.259259259259258745e-02 1.250000000000000000e-01 9.999999999999999167e-02 1.574074074074074125e-01
2.015021900000000000e+07 6.000000000000000000e+00 1.000000000000000000e+00 5.347222222222222099e-01 4.140625000000000000e-01 2.600000000000000089e-01 2.592592592592592449e-01
2.015022000000000000e+07 9.000000000000000000e+00 1.000000000000000000e+00 2.777777777777777624e-02 5.468750000000000000e-02 2.399999999999999911e-01 2.222222222222222099e-01
2.015022100000000000e+07 2.300000000000000000e+01 1.000000000000000000e+00 3.587962962962962798e-01 5.468750000000000000e-02 2.800000000000000266e-01 1.666666666666666574e-01
2.015022200000000000e+07 1.000000000000000000e+00 0.000000000000000000e+00 6.018518518518518601e-01 1.562500000000000000e-02 4.000000000000000083e-02 0.000000000000000000e+00
2.015022300000000000e+07 7.000000000000000000e+00 0.000000000000000000e+00 2.245370370370370350e-01 1.484375000000000000e-01 1.200000000000000233e-01 1.851851851851851749e-01
2.015022400000000000e+07 1.000000000000000000e+01 1.000000000000000000e+00 4.537037037037037202e-01 2.500000000000000000e-01 3.800000000000000044e-01 4.166666666666666852e-01
2.015022500000000000e+07 1.300000000000000000e+01 0.000000000000000000e+00 2.152777777777777901e-01 6.250000000000000000e-02 1.800000000000000211e-01 1.666666666666666574e-01
2.015022600000000000e+07 1.600000000000000000e+01 0.000000000000000000e+00 2.083333333333333218e-02 3.125000000000000000e-02 4.000000000000000083e-02 3.703703703703703498e-02
2.015022700000000000e+07 1.900000000000000000e+01 1.000000000000000000e+00 2.523148148148148251e-01 4.687500000000000000e-02 2.200000000000000289e-01 2.407407407407407274e-01
