20150205.0 14.0 0.0 0.041666666666666664 0.109375 0.09999999999999999 0.25925925925925924 0.0
20160102.0 10.0 1.0 0.5370370370370371 0.2890625 0.72 0.8611111111111112 1.0
20160108.0 1.0 0.0 0.0023148148148148147 0.015625 0.04 0.10185185185185185 0.0
20160113.0 14.0 0.0 0.037037037037037035 0.0546875 0.09999999999999999 0.23148148148148148 0.0
20160108.0 7.0 0.0 0.004629629629629629 0.015625 0.04 0.1111111111111111 0.0
20160108.0 22.0 0.0 0.06481481481481481 0.046875 0.07999999999999999 0.19444444444444445 0.0
20160107.0 2.0 0.0 0.034722222222222224 0.03125 0.07999999999999999 0.17592592592592593 0.0
20150222.0 1.0 0.0 0.6018518518518519 0.015625 0.04 0.0 1.0
20160118.0 12.0 0.0 0.04398148148148148 0.03125 0.0 0.037037037037037035 0.0
20160105.0 19.0 0.0 0.12037037037037036 0.03125 0.06 0.17592592592592593 0.0
20150225.0 13.0 0.0 0.2152777777777778 0.0625 0.18000000000000002 0.16666666666666666 0.0
20160112.0 9.0 0.0 0.009259259259259259 0.015625 0.04 0.09259259259259259 0.0
20160112.0 0.0 0.0 0.013888888888888888 0.015625 0.04 0.09259259259259259 0.0
20160113.0 17.0 0.0 0.04398148148148148 0.0625 0.09999999999999999 0.24074074074074073 0.0
20150207.0 20.0 0.0 0.020833333333333332 0.0625 0.04 0.07407407407407407 0.0
20160112.0 18.0 0.0 0.013888888888888888 0.0234375 0.04 0.09259259259259259 0.0
20160116.0 14.0 1.0 0.2800925925925926 0.3359375 0.45999999999999996 0.5555555555555556 1.0
20160102.0 19.0 1.0 0.625 0.3046875 0.76 0.9166666666666666 1.0
20160117.0 1.0 1.0 0.2777777777777778 0.3359375 0.43999999999999995 0.49074074074074076 1.0
20160111.0 22.0 0.0 0.011574074074074073 0.015625 0.04 0.09259259259259259 0.0
20160102.0 22.0 1.0 0.7314814814814815 0.3046875 0.8 0.9537037037037037 1.0
20160108.0 4.0 0.0 0.0 0.015625 0.04 0.1111111111111111 0.0
20160114.0 7.0 0.0 0.08564814814814815 0.09375 0.2 0.39814814814814814 0.0
20150217.0 0.0 0.0 0.05555555555555555 0.0625 0.06 0.12962962962962962 0.0
20160115.0 9.0 1.0 0.26157407407407407 0.2265625 0.5 0.6018518518518519 1.0
20160113.0 23.0 0.0 0.06018518518518518 0.078125 0.13999999999999999 0.2962962962962963 0.0
20160113.0 2.0 0.0 0.020833333333333332 0.0390625 0.07999999999999999 0.1388888888888889 0.0
20140203.0 6.0 1.0 0.3611111111111111 0.5546875 0.5199999999999999 0.6481481481481481 1.0
