20160102.0 1.0 1.0 0.47453703703703703 0.2734375 0.6399999999999999 0.8333333333333334 1.0
20160102.0 19.0 1.0 0.625 0.3046875 0.76 0.9166666666666666 1.0
20160105.0 19.0 0.0 0.12037037037037036 0.03125 0.06 0.17592592592592593 0.0
20160106.0 21.0 0.0 0.0763888888888889 0.0625 0.13999999999999999 0.25925925925925924 0.0
20160107.0 5.0 0.0 0.027777777777777776 0.0234375 0.06 0.12962962962962962 0.0
20160107.0 17.0 0.0 0.011574074074074073 0.0 0.019999999999999997 0.06481481481481481 0.0
20160109.0 12.0 0.0 0.16203703703703703 0.0859375 0.2 0.37962962962962965 0.0
20160111.0 19.0 0.0 0.02546296296296296 0.03125 0.06 0.12037037037037036 0.0
20160112.0 18.0 0.0 0.013888888888888888 0.0234375 0.04 0.09259259259259259 0.0
20160113.0 8.0 0.0 0.027777777777777776 0.0390625 0.07999999999999999 0.18518518518518517 0.0
20160113.0 17.0 0.0 0.04398148148148148 0.0625 0.09999999999999999 0.24074074074074073 0.0
20160114.0 7.0 0.0 0.08564814814814815 0.09375 0.2 0.39814814814814814 0.0
20160114.0 16.0 0.0 0.1388888888888889 0.1328125 0.28 0.46296296296296297 0.0
20160114.0 19.0 0.0 0.1527777777777778 0.140625 0.3 0.48148148148148145 0.0
20160115.0 15.0 0.0 0.24074074074074073 0.2109375 0.48 0.6203703703703703 1.0
20160116.0 17.0 1.0 0.29398148148148145 0.3515625 0.48 0.5555555555555556 1.0
20160116.0 20.0 1.0 0.30324074074074076 0.359375 0.48 0.5462962962962963 1.0
20160117.0 19.0 0.0 0.12268518518518519 0.1015625 0.13999999999999999 0.18518518518518517 0.0
20160118.0 3.0 0.0 0.04861111111111111 0.046875 0.019999999999999997 0.07407407407407407 0.0
20140202.0 3.0 0.0 0.18518518518518517 0.1328125 0.2 0.1574074074074074 0.0
20140206.0 15.0 1.0 0.43287037037037035 0.6015625 0.6 0.6851851851851852 1.0
20150201.0 21.0 0.0 0.1875 0.3046875 0.33999999999999997 0.49074074074074076 1.0
20150207.0 20.0 0.0 0.020833333333333332 0.0625 0.04 0.07407407407407407 0.0
20150213.0 13.0 1.0 0.2638888888888889 0.25 0.38 0.6388888888888888 1.0
20150215.0 19.0 1.0 0.6736111111111112 0.59375 0.8400000000000001 0.9166666666666666 1.0
20150217.0 0.0 0.0 0.05555555555555555 0.0625 0.06 0.12962962962962962 0.0
20150221.0 23.0 1.0 0.3587962962962963 0.0546875 0.28 0.16666666666666666 0.0
20150225.0 13.0 0.0 0.2152777777777778 0.0625 0.18000000000000002 0.16666666666666666 0.0
