2.016010100000000000e+07 2.000000000000000000e+00 8.500000000000000000e+01 1.230000000000000000e+02 1.800000000000000000e+01 1.800000000000000044e+00 7.200000000000000000e+01
2.016010100000000000e+07 8.000000000000000000e+00 1.140000000000000000e+02 1.270000000000000000e+02 2.500000000000000000e+01 2.299999999999999822e+00 8.100000000000000000e+01
2.016010100000000000e+07 1.100000000000000000e+01 1.230000000000000000e+02 1.400000000000000000e+02 2.700000000000000000e+01 2.500000000000000000e+00 8.300000000000000000e+01
2.016010100000000000e+07 1.400000000000000000e+01 1.340000000000000000e+02 1.500000000000000000e+02 3.000000000000000000e+01 2.600000000000000089e+00 8.600000000000000000e+01
2.016010100000000000e+07 1.700000000000000000e+01 1.500000000000000000e+02 1.680000000000000000e+02 3.200000000000000000e+01 2.799999999999999822e+00 9.200000000000000000e+01
2.016010100000000000e+07 2.000000000000000000e+01 1.660000000000000000e+02 1.910000000000000000e+02 3.400000000000000000e+01 3.000000000000000000e+00 9.700000000000000000e+01
2.016010100000000000e+07 2.300000000000000000e+01 1.790000000000000000e+02 2.070000000000000000e+02 3.500000000000000000e+01 3.200000000000000178e+00 1.010000000000000000e+02
2.016010200000000000e+07 1.000000000000000000e+00 1.900000000000000000e+02 2.220000000000000000e+02 3.700000000000000000e+01 3.399999999999999911e+00 1.040000000000000000e+02
2.016010200000000000e+07 1.000000000000000000e+01 2.250000000000000000e+02 2.490000000000000000e+02 3.900000000000000000e+01 3.799999999999999822e+00 1.070000000000000000e+02
2.016010200000000000e+07 1.900000000000000000e+01 2.440000000000000000e+02 2.870000000000000000e+02 4.100000000000000000e+01 4.000000000000000000e+00 1.130000000000000000e+02
2.016010200000000000e+07 2.200000000000000000e+01 2.690000000000000000e+02 3.330000000000000000e+02 4.100000000000000000e+01 4.200000000000000178e+00 1.170000000000000000e+02
2.016010300000000000e+07 0.000000000000000000e+00 2.870000000000000000e+02 3.630000000000000000e+02 4.100000000000000000e+01 4.200000000000000178e+00 1.190000000000000000e+02
2.016010500000000000e+07 1.600000000000000000e+01 1.600000000000000000e+01 3.800000000000000000e+01 4.000000000000000000e+00 4.000000000000000222e-01 3.000000000000000000e+01
2.016010500000000000e+07 1.900000000000000000e+01 2.100000000000000000e+01 6.900000000000000000e+01 6.000000000000000000e+00 5.000000000000000000e-01 3.300000000000000000e+01
2.016010500000000000e+07 2.200000000000000000e+01 3.200000000000000000e+01 8.600000000000000000e+01 8.000000000000000000e+00 6.999999999999999556e-01 3.800000000000000000e+01
2.016010600000000000e+07 0.000000000000000000e+00 4.000000000000000000e+01 9.500000000000000000e+01 9.000000000000000000e+00 8.000000000000000444e-01 4.100000000000000000e+01
2.016010600000000000e+07 9.000000000000000000e+00 4.900000000000000000e+01 8.900000000000000000e+01 1.300000000000000000e+01 1.100000000000000089e+00 5.300000000000000000e+01
2.016010600000000000e+07 1.200000000000000000e+01 5.000000000000000000e+01 7.900000000000000000e+01 1.400000000000000000e+01 1.100000000000000089e+00 5.300000000000000000e+01
2.016010600000000000e+07 1.500000000000000000e+01 4.900000000000000000e+01 7.100000000000000000e+01 1.300000000000000000e+01 1.100000000000000089e+00 5.000000000000000000e+01
2.016010600000000000e+07 1.800000000000000000e+01 4.400000000000000000e+01 6.200000000000000000e+01 1.200000000000000000e+01 1.000000000000000000e+00 4.700000000000000000e+01
2.016010600000000000e+07 2.100000000000000000e+01 3.400000000000000000e+01 5.000000000000000000e+01 1.000000000000000000e+01 9.000000000000000222e-01 4.200000000000000000e+01
2.016010700000000000e+07 2.000000000000000000e+00 1.800000000000000000e+01 3.200000000000000000e+01 6.000000000000000000e+00 5.999999999999999778e-01 3.300000000000000000e+01
2.016010700000000000e+07 5.000000000000000000e+00 1.600000000000000000e+01 2.900000000000000000e+01 5.000000000000000000e+00 5.000000000000000000e-01 2.800000000000000000e+01
2.016010700000000000e+07 8.000000000000000000e+00 1.400000000000000000e+01 2.700000000000000000e+01 4.000000000000000000e+00 5.000000000000000000e-01 2.400000000000000000e+01
2.016010700000000000e+07 1.100000000000000000e+01 1.100000000000000000e+01 2.400000000000000000e+01 3.000000000000000000e+00 4.000000000000000222e-01 2.100000000000000000e+01
2.016010700000000000e+07 1.700000000000000000e+01 1.000000000000000000e+01 2.200000000000000000e+01 2.000000000000000000e+00 2.999999999999999889e-01 2.100000000000000000e+01
2.016010700000000000e+07 2.000000000000000000e+01 1.100000000000000000e+01 2.100000000000000000e+01 3.000000000000000000e+00 4.000000000000000222e-01 2.200000000000000000e+01
2.016010700000000000e+07 2.300000000000000000e+01 1.100000000000000000e+01 1.800000000000000000e+01 3.000000000000000000e+00 4.000000000000000222e-01 2.400000000000000000e+01
2.016010800000000000e+07 1.000000000000000000e+00 1.200000000000000000e+01 1.800000000000000000e+01 4.000000000000000000e+00 4.000000000000000222e-01 2.500000000000000000e+01
2.016010800000000000e+07 4.000000000000000000e+00 1.200000000000000000e+01 1.700000000000000000e+01 4.000000000000000000e+00 4.000000000000000222e-01 2.600000000000000000e+01
2.016010800000000000e+07 7.000000000000000000e+00 1.200000000000000000e+01 1.900000000000000000e+01 4.000000000000000000e+00 4.000000000000000222e-01 2.600000000000000000e+01
2.016010800000000000e+07 1.000000000000000000e+01 1.300000000000000000e+01 2.100000000000000000e+01 4.000000000000000000e+00 4.000000000000000222e-01 2.700000000000000000e+01
2.016010800000000000e+07 1.600000000000000000e+01 1.300000000000000000e+01 2.100000000000000000e+01 5.000000000000000000e+00 5.000000000000000000e-01 2.800000000000000000e+01
2.016010800000000000e+07 1.900000000000000000e+01 1.600000000000000000e+01 2.700000000000000000e+01 5.000000000000000000e+00 5.000000000000000000e-01 3.100000000000000000e+01
2.016010800000000000e+07 2.200000000000000000e+01 3.000000000000000000e+01 4.500000000000000000e+01 8.000000000000000000e+00 5.999999999999999778e-01 3.500000000000000000e+01
2.016010900000000000e+07 0.000000000000000000e+00 4.000000000000000000e+01 5.600000000000000000e+01 9.000000000000000000e+00 6.999999999999999556e-01 3.800000000000000000e+01
2.016010900000000000e+07 3.000000000000000000e+00 5.400000000000000000e+01 7.000000000000000000e+01 1.100000000000000000e+01 9.000000000000000222e-01 4.400000000000000000e+01
2.016010900000000000e+07 1.200000000000000000e+01 6.300000000000000000e+01 8.700000000000000000e+01 1.300000000000000000e+01 1.199999999999999956e+00 5.500000000000000000e+01
2.016010900000000000e+07 1.800000000000000000e+01 7.300000000000000000e+01 1.040000000000000000e+02 1.600000000000000000e+01 1.399999999999999911e+00 6.300000000000000000e+01
2.016010900000000000e+07 2.100000000000000000e+01 7.600000000000000000e+01 1.080000000000000000e+02 1.600000000000000000e+01 1.500000000000000000e+00 6.400000000000000000e+01
2.016011000000000000e+07 1.100000000000000000e+01 7.000000000000000000e+01 1.060000000000000000e+02 1.800000000000000000e+01 1.399999999999999911e+00 6.400000000000000000e+01
2.016011000000000000e+07 1.400000000000000000e+01 7.100000000000000000e+01 1.050000000000000000e+02 1.900000000000000000e+01 1.500000000000000000e+00 6.400000000000000000e+01
2.016011000000000000e+07 1.700000000000000000e+01 7.400000000000000000e+01 1.070000000000000000e+02 2.100000000000000000e+01 1.600000000000000089e+00 6.500000000000000000e+01
2.016011000000000000e+07 2.000000000000000000e+01 6.900000000000000000e+01 9.800000000000000000e+01 2.200000000000000000e+01 1.600000000000000089e+00 6.200000000000000000e+01
2.016011000000000000e+07 2.300000000000000000e+01 4.900000000000000000e+01 6.300000000000000000e+01 1.900000000000000000e+01 1.399999999999999911e+00 5.500000000000000000e+01
2.016011100000000000e+07 1.000000000000000000e+00 4.100000000000000000e+01 5.700000000000000000e+01 1.700000000000000000e+01 1.199999999999999956e+00 5.100000000000000000e+01
2.016011100000000000e+07 4.000000000000000000e+00 3.600000000000000000e+01 5.300000000000000000e+01 1.500000000000000000e+01 1.100000000000000089e+00 4.600000000000000000e+01
2.016011100000000000e+07 7.000000000000000000e+00 3.400000000000000000e+01 4.800000000000000000e+01 1.500000000000000000e+01 1.000000000000000000e+00 4.200000000000000000e+01
2.016011100000000000e+07 1.000000000000000000e+01 3.200000000000000000e+01 4.700000000000000000e+01 1.400000000000000000e+01 1.000000000000000000e+00 3.800000000000000000e+01
2.016011100000000000e+07 1.600000000000000000e+01 2.200000000000000000e+01 3.600000000000000000e+01 9.000000000000000000e+00 6.999999999999999556e-01 3.100000000000000000e+01
2.016011100000000000e+07 1.900000000000000000e+01 1.600000000000000000e+01 2.800000000000000000e+01 6.000000000000000000e+00 5.000000000000000000e-01 2.700000000000000000e+01
2.016011100000000000e+07 2.200000000000000000e+01 1.100000000000000000e+01 2.200000000000000000e+01 4.000000000000000000e+00 4.000000000000000222e-01 2.400000000000000000e+01
2.016011200000000000e+07 0.000000000000000000e+00 1.200000000000000000e+01 2.300000000000000000e+01 4.000000000000000000e+00 4.000000000000000222e-01 2.400000000000000000e+01
2.016011200000000000e+07 3.000000000000000000e+00 1.100000000000000000e+01 2.200000000000000000e+01 4.000000000000000000e+00 4.000000000000000222e-01 2.400000000000000000e+01
2.016011200000000000e+07 6.000000000000000000e+00 1.200000000000000000e+01 2.100000000000000000e+01 4.000000000000000000e+00 4.000000000000000222e-01 2.400000000000000000e+01
2.016011200000000000e+07 9.000000000000000000e+00 1.200000000000000000e+01 2.100000000000000000e+01 4.000000000000000000e+00 4.000000000000000222e-01 2.400000000000000000e+01
2.016011200000000000e+07 1.200000000000000000e+01 1.200000000000000000e+01 2.100000000000000000e+01 4.000000000000000000e+00 4.000000000000000222e-01 2.400000000000000000e+01
2.016011200000000000e+07 1.800000000000000000e+01 1.200000000000000000e+01 2.300000000000000000e+01 5.000000000000000000e+00 4.000000000000000222e-01 2.400000000000000000e+01
2.016011200000000000e+07 2.100000000000000000e+01 1.200000000000000000e+01 2.400000000000000000e+01 6.000000000000000000e+00 5.000000000000000000e-01 2.600000000000000000e+01
2.016011300000000000e+07 2.000000000000000000e+00 1.300000000000000000e+01 2.600000000000000000e+01 7.000000000000000000e+00 5.999999999999999778e-01 2.900000000000000000e+01
2.016011300000000000e+07 5.000000000000000000e+00 1.300000000000000000e+01 2.700000000000000000e+01 7.000000000000000000e+00 5.999999999999999778e-01 3.000000000000000000e+01
2.016011300000000000e+07 8.000000000000000000e+00 1.300000000000000000e+01 2.900000000000000000e+01 7.000000000000000000e+00 5.999999999999999778e-01 3.400000000000000000e+01
2.016011300000000000e+07 1.400000000000000000e+01 1.500000000000000000e+01 3.300000000000000000e+01 9.000000000000000000e+00 6.999999999999999556e-01 3.900000000000000000e+01
2.016011300000000000e+07 1.700000000000000000e+01 1.600000000000000000e+01 3.600000000000000000e+01 1.000000000000000000e+01 6.999999999999999556e-01 4.000000000000000000e+01
2.016011300000000000e+07 2.000000000000000000e+01 1.800000000000000000e+01 4.000000000000000000e+01 1.100000000000000000e+01 6.999999999999999556e-01 4.300000000000000000e+01
2.016011300000000000e+07 2.300000000000000000e+01 2.100000000000000000e+01 4.300000000000000000e+01 1.200000000000000000e+01 9.000000000000000222e-01 4.600000000000000000e+01
2.016011400000000000e+07 1.000000000000000000e+00 2.200000000000000000e+01 4.400000000000000000e+01 1.200000000000000000e+01 9.000000000000000222e-01 4.900000000000000000e+01
2.016011400000000000e+07 4.000000000000000000e+00 2.600000000000000000e+01 5.000000000000000000e+01 1.400000000000000000e+01 1.100000000000000089e+00 5.500000000000000000e+01
2.016011400000000000e+07 7.000000000000000000e+00 2.900000000000000000e+01 5.400000000000000000e+01 1.400000000000000000e+01 1.199999999999999956e+00 5.700000000000000000e+01
2.016011400000000000e+07 1.000000000000000000e+01 3.900000000000000000e+01 6.700000000000000000e+01 1.700000000000000000e+01 1.399999999999999911e+00 6.000000000000000000e+01
2.016011400000000000e+07 1.300000000000000000e+01 4.900000000000000000e+01 7.500000000000000000e+01 1.800000000000000000e+01 1.500000000000000000e+00 6.200000000000000000e+01
2.016011400000000000e+07 1.600000000000000000e+01 5.500000000000000000e+01 7.700000000000000000e+01 1.900000000000000000e+01 1.600000000000000089e+00 6.400000000000000000e+01
2.016011400000000000e+07 1.900000000000000000e+01 6.000000000000000000e+01 8.300000000000000000e+01 2.000000000000000000e+01 1.699999999999999956e+00 6.600000000000000000e+01
2.016011400000000000e+07 2.200000000000000000e+01 7.000000000000000000e+01 9.300000000000000000e+01 2.200000000000000000e+01 1.699999999999999956e+00 6.800000000000000000e+01
2.016011500000000000e+07 0.000000000000000000e+00 7.900000000000000000e+01 1.010000000000000000e+02 2.400000000000000000e+01 1.800000000000000044e+00 7.000000000000000000e+01
2.016011500000000000e+07 3.000000000000000000e+00 9.400000000000000000e+01 1.160000000000000000e+02 2.700000000000000000e+01 2.100000000000000089e+00 7.300000000000000000e+01
2.016011500000000000e+07 6.000000000000000000e+00 1.080000000000000000e+02 1.310000000000000000e+02 3.100000000000000000e+01 2.600000000000000089e+00 7.900000000000000000e+01
2.016011500000000000e+07 9.000000000000000000e+00 1.090000000000000000e+02 1.300000000000000000e+02 3.100000000000000000e+01 2.700000000000000178e+00 7.900000000000000000e+01
2.016011500000000000e+07 1.200000000000000000e+01 1.020000000000000000e+02 1.230000000000000000e+02 2.900000000000000000e+01 2.600000000000000089e+00 7.900000000000000000e+01
2.016011500000000000e+07 1.500000000000000000e+01 9.800000000000000000e+01 1.210000000000000000e+02 2.900000000000000000e+01 2.600000000000000089e+00 8.100000000000000000e+01
2.016011500000000000e+07 1.800000000000000000e+01 1.020000000000000000e+02 1.250000000000000000e+02 3.000000000000000000e+01 2.700000000000000178e+00 8.300000000000000000e+01
2.016011500000000000e+07 2.100000000000000000e+01 1.020000000000000000e+02 1.250000000000000000e+02 3.000000000000000000e+01 2.799999999999999822e+00 8.400000000000000000e+01
2.016011600000000000e+07 5.000000000000000000e+00 1.030000000000000000e+02 1.230000000000000000e+02 3.300000000000000000e+01 2.299999999999999822e+00 7.600000000000000000e+01
2.016011600000000000e+07 8.000000000000000000e+00 1.010000000000000000e+02 1.230000000000000000e+02 3.600000000000000000e+01 2.200000000000000178e+00 7.300000000000000000e+01
2.016011600000000000e+07 1.100000000000000000e+01 1.080000000000000000e+02 1.310000000000000000e+02 4.000000000000000000e+01 2.399999999999999911e+00 7.400000000000000000e+01
2.016011600000000000e+07 1.400000000000000000e+01 1.140000000000000000e+02 1.380000000000000000e+02 4.500000000000000000e+01 2.500000000000000000e+00 7.400000000000000000e+01
2.016011600000000000e+07 1.700000000000000000e+01 1.200000000000000000e+02 1.440000000000000000e+02 4.700000000000000000e+01 2.600000000000000089e+00 7.400000000000000000e+01
2.016011600000000000e+07 2.000000000000000000e+01 1.240000000000000000e+02 1.480000000000000000e+02 4.800000000000000000e+01 2.600000000000000089e+00 7.300000000000000000e+01
2.016011600000000000e+07 2.300000000000000000e+01 1.220000000000000000e+02 1.400000000000000000e+02 4.600000000000000000e+01 2.500000000000000000e+00 6.800000000000000000e+01
2.016011700000000000e+07 1.000000000000000000e+00 1.180000000000000000e+02 1.370000000000000000e+02 4.500000000000000000e+01 2.399999999999999911e+00 6.700000000000000000e+01
2.016011700000000000e+07 7.000000000000000000e+00 1.080000000000000000e+02 1.320000000000000000e+02 3.500000000000000000e+01 2.000000000000000000e+00 6.000000000000000000e+01
2.016011700000000000e+07 1.000000000000000000e+01 9.800000000000000000e+01 1.210000000000000000e+02 2.900000000000000000e+01 1.699999999999999956e+00 5.300000000000000000e+01
2.016011700000000000e+07 1.300000000000000000e+01 8.900000000000000000e+01 1.070000000000000000e+02 2.400000000000000000e+01 1.500000000000000000e+00 4.700000000000000000e+01
2.016011700000000000e+07 1.600000000000000000e+01 7.600000000000000000e+01 9.000000000000000000e+01 1.900000000000000000e+01 1.199999999999999956e+00 4.100000000000000000e+01
2.016011700000000000e+07 1.900000000000000000e+01 6.100000000000000000e+01 7.000000000000000000e+01 1.500000000000000000e+01 9.000000000000000222e-01 3.400000000000000000e+01
2.016011700000000000e+07 2.200000000000000000e+01 4.500000000000000000e+01 5.100000000000000000e+01 1.200000000000000000e+01 6.999999999999999556e-01 3.100000000000000000e+01
2.016011800000000000e+07 3.000000000000000000e+00 2.000000000000000000e+01 3.800000000000000000e+01 8.000000000000000000e+00 2.999999999999999889e-01 2.200000000000000000e+01
2.016011800000000000e+07 6.000000000000000000e+00 1.400000000000000000e+01 3.700000000000000000e+01 7.000000000000000000e+00 2.000000000000000111e-01 1.900000000000000000e+01
2.016011800000000000e+07 9.000000000000000000e+00 1.300000000000000000e+01 3.500000000000000000e+01 6.000000000000000000e+00 2.000000000000000111e-01 1.900000000000000000e+01
2.016011800000000000e+07 1.200000000000000000e+01 1.100000000000000000e+01 3.600000000000000000e+01 6.000000000000000000e+00 2.000000000000000111e-01 1.800000000000000000e+01
2.014020100000000000e+07 0.000000000000000000e+00 1.350000000000000000e+02 1.460000000000000000e+02 5.200000000000000000e+01 2.000000000000000000e+00 5.700000000000000000e+01
2.014020200000000000e+07 3.000000000000000000e+00 6.600000000000000000e+01 9.700000000000000000e+01 1.900000000000000000e+01 1.199999999999999956e+00 3.100000000000000000e+01
2.014020300000000000e+07 6.000000000000000000e+00 1.880000000000000000e+02 1.730000000000000000e+02 7.300000000000000000e+01 2.799999999999999822e+00 8.400000000000000000e+01
2.014020400000000000e+07 9.000000000000000000e+00 2.650000000000000000e+02 2.950000000000000000e+02 7.300000000000000000e+01 3.100000000000000089e+00 9.500000000000000000e+01
2.014020500000000000e+07 1.200000000000000000e+01 3.930000000000000000e+02 4.490000000000000000e+02 1.000000000000000000e+02 3.799999999999999822e+00 1.100000000000000000e+02
2.014020600000000000e+07 1.500000000000000000e+01 2.960000000000000000e+02 2.040000000000000000e+02 7.900000000000000000e+01 3.200000000000000178e+00 8.800000000000000000e+01
2.014020700000000000e+07 1.800000000000000000e+01 1.050000000000000000e+02 5.200000000000000000e+01 6.700000000000000000e+01 2.100000000000000089e+00 7.200000000000000000e+01
2.014020800000000000e+07 2.100000000000000000e+01 2.630000000000000000e+02 3.000000000000000000e+02 1.020000000000000000e+02 3.399999999999999911e+00 1.020000000000000000e+02
2.014020900000000000e+07 1.900000000000000000e+01 2.110000000000000000e+02 2.460000000000000000e+02 1.300000000000000000e+02 3.600000000000000089e+00 9.200000000000000000e+01
2.014021000000000000e+07 2.200000000000000000e+01 3.540000000000000000e+02 3.890000000000000000e+02 7.800000000000000000e+01 5.200000000000000178e+00 1.220000000000000000e+02
2.014021100000000000e+07 3.000000000000000000e+00 3.160000000000000000e+02 2.500000000000000000e+02 8.100000000000000000e+01 3.700000000000000178e+00 1.060000000000000000e+02
2.014021200000000000e+07 6.000000000000000000e+00 1.600000000000000000e+01 2.400000000000000000e+01 1.300000000000000000e+01 5.000000000000000000e-01 2.500000000000000000e+01
2.014021300000000000e+07 9.000000000000000000e+00 7.800000000000000000e+01 1.020000000000000000e+02 3.300000000000000000e+01 1.500000000000000000e+00 7.100000000000000000e+01
2.015020100000000000e+07 2.100000000000000000e+01 7.700000000000000000e+01 9.800000000000000000e+01 4.100000000000000000e+01 1.899999999999999911e+00 6.700000000000000000e+01
2.015020200000000000e+07 2.000000000000000000e+00 1.390000000000000000e+02 1.560000000000000000e+02 5.700000000000000000e+01 2.500000000000000000e+00 8.700000000000000000e+01
2.015020300000000000e+07 5.000000000000000000e+00 1.170000000000000000e+02 7.900000000000000000e+01 2.900000000000000000e+01 1.899999999999999911e+00 6.100000000000000000e+01
2.015020400000000000e+07 8.000000000000000000e+00 1.000000000000000000e+01 3.200000000000000000e+01 9.000000000000000000e+00 4.000000000000000222e-01 2.000000000000000000e+01
2.015020500000000000e+07 1.400000000000000000e+01 2.700000000000000000e+01 3.500000000000000000e+01 1.600000000000000000e+01 6.999999999999999556e-01 4.200000000000000000e+01
2.015020600000000000e+07 1.700000000000000000e+01 6.500000000000000000e+01 7.800000000000000000e+01 3.000000000000000000e+01 1.800000000000000044e+00 7.200000000000000000e+01
2.015020700000000000e+07 2.000000000000000000e+01 1.300000000000000000e+01 2.600000000000000000e+01 1.000000000000000000e+01 4.000000000000000222e-01 2.200000000000000000e+01
2.015020800000000000e+07 2.300000000000000000e+01 2.400000000000000000e+01 3.200000000000000000e+01 1.700000000000000000e+01 5.999999999999999778e-01 3.000000000000000000e+01
2.015020900000000000e+07 1.000000000000000000e+00 1.090000000000000000e+02 1.270000000000000000e+02 4.800000000000000000e+01 1.899999999999999911e+00 7.900000000000000000e+01
2.015021000000000000e+07 4.000000000000000000e+00 1.230000000000000000e+02 1.380000000000000000e+02 4.700000000000000000e+01 2.399999999999999911e+00 9.400000000000000000e+01
2.015021100000000000e+07 7.000000000000000000e+00 4.100000000000000000e+01 5.600000000000000000e+01 2.300000000000000000e+01 1.000000000000000000e+00 4.400000000000000000e+01
2.015021200000000000e+07 1.000000000000000000e+01 3.200000000000000000e+01 4.200000000000000000e+01 1.600000000000000000e+01 8.000000000000000444e-01 4.400000000000000000e+01
2.015021300000000000e+07 1.300000000000000000e+01 1.210000000000000000e+02 1.310000000000000000e+02 3.400000000000000000e+01 2.100000000000000089e+00 8.300000000000000000e+01
2.015021400000000000e+07 1.600000000000000000e+01 2.360000000000000000e+02 2.390000000000000000e+02 5.500000000000000000e+01 3.200000000000000178e+00 1.090000000000000000e+02
2.015021500000000000e+07 1.900000000000000000e+01 2.840000000000000000e+02 3.080000000000000000e+02 7.800000000000000000e+01 4.400000000000000355e+00 1.130000000000000000e+02
2.015021600000000000e+07 2.200000000000000000e+01 1.210000000000000000e+02 1.560000000000000000e+02 3.100000000000000000e+01 2.299999999999999822e+00 5.400000000000000000e+01
2.015021700000000000e+07 0.000000000000000000e+00 2.200000000000000000e+01 4.100000000000000000e+01 1.000000000000000000e+01 5.000000000000000000e-01 2.800000000000000000e+01
2.015021800000000000e+07 3.000000000000000000e+00 4.600000000000000000e+01 5.700000000000000000e+01 1.800000000000000000e+01 6.999999999999999556e-01 3.100000000000000000e+01
2.015021900000000000e+07 6.000000000000000000e+00 2.180000000000000000e+02 2.480000000000000000e+02 5.500000000000000000e+01 1.500000000000000000e+00 4.200000000000000000e+01
2.015022000000000000e+07 9.000000000000000000e+00 1.380000000000000000e+02 2.900000000000000000e+01 9.000000000000000000e+00 1.399999999999999911e+00 3.800000000000000000e+01
2.015022100000000000e+07 2.300000000000000000e+01 1.520000000000000000e+02 1.720000000000000000e+02 9.000000000000000000e+00 1.600000000000000089e+00 3.200000000000000000e+01
2.015022200000000000e+07 1.000000000000000000e+00 4.200000000000000000e+01 2.770000000000000000e+02 4.000000000000000000e+00 4.000000000000000222e-01 1.400000000000000000e+01
2.015022300000000000e+07 7.000000000000000000e+00 5.500000000000000000e+01 1.140000000000000000e+02 2.100000000000000000e+01 8.000000000000000444e-01 3.400000000000000000e+01
2.015022400000000000e+07 1.000000000000000000e+01 1.530000000000000000e+02 2.130000000000000000e+02 3.400000000000000000e+01 2.100000000000000089e+00 5.900000000000000000e+01
2.015022500000000000e+07 1.300000000000000000e+01 7.700000000000000000e+01 1.100000000000000000e+02 1.000000000000000000e+01 1.100000000000000089e+00 3.200000000000000000e+01
2.015022600000000000e+07 1.600000000000000000e+01 1.300000000000000000e+01 2.600000000000000000e+01 6.000000000000000000e+00 4.000000000000000222e-01 1.800000000000000000e+01
2.015022700000000000e+07 1.900000000000000000e+01 1.230000000000000000e+02 1.260000000000000000e+02 8.000000000000000000e+00 1.300000000000000044e+00 4.000000000000000000e+01
