2.016010800000000000e+07 4.000000000000000000e+00 0.000000000000000000e+00 0.000000000000000000e+00 4.347826086956521618e-02 5.000000000000000278e-02 7.920792079207920888e-02
2.016010800000000000e+07 1.000000000000000000e+01 0.000000000000000000e+00 1.156069364161849654e-02 4.347826086956521618e-02 5.000000000000000278e-02 8.910891089108910479e-02
2.016011600000000000e+07 2.300000000000000000e+01 0.000000000000000000e+00 3.554913294797688028e-01 9.565217391304348116e-01 5.749999999999999556e-01 4.950495049504950451e-01
2.016011300000000000e+07 2.000000000000000000e+01 0.000000000000000000e+00 6.647398843930635293e-02 1.956521739130434867e-01 1.249999999999999861e-01 2.475247524752475226e-01
2.016011200000000000e+07 1.200000000000000000e+01 0.000000000000000000e+00 1.156069364161849654e-02 4.347826086956521618e-02 5.000000000000000278e-02 5.940594059405940319e-02
2.016010100000000000e+07 1.700000000000000000e+01 0.000000000000000000e+00 4.364161849710982422e-01 6.521739130434782705e-01 6.499999999999999112e-01 7.326732673267326579e-01
2.016010100000000000e+07 2.300000000000000000e+01 0.000000000000000000e+00 5.491329479768786159e-01 7.173913043478260532e-01 7.500000000000000000e-01 8.217821782178217349e-01
2.016011600000000000e+07 1.700000000000000000e+01 0.000000000000000000e+00 3.670520231213872941e-01 9.782608695652174058e-01 5.999999999999999778e-01 5.544554455445545038e-01
2.016010600000000000e+07 2.100000000000000000e+01 0.000000000000000000e+00 9.537572254335259514e-02 1.739130434782608647e-01 1.749999999999999889e-01 2.376237623762376128e-01
2.016010700000000000e+07 2.000000000000000000e+01 0.000000000000000000e+00 1.156069364161849654e-02 2.173913043478260809e-02 5.000000000000000278e-02 3.960396039603960444e-02
2.016010700000000000e+07 1.100000000000000000e+01 0.000000000000000000e+00 2.023121387283237024e-02 2.173913043478260809e-02 5.000000000000000278e-02 2.970297029702970160e-02
2.016011200000000000e+07 9.000000000000000000e+00 0.000000000000000000e+00 1.156069364161849654e-02 4.347826086956521618e-02 5.000000000000000278e-02 5.940594059405940319e-02
2.016011000000000000e+07 1.400000000000000000e+01 0.000000000000000000e+00 2.543352601156069204e-01 3.695652173913043237e-01 3.250000000000000111e-01 4.554455445544554615e-01
2.016011400000000000e+07 2.200000000000000000e+01 0.000000000000000000e+00 2.196531791907514464e-01 4.347826086956521618e-01 3.750000000000000000e-01 4.950495049504950451e-01
2.016011700000000000e+07 1.600000000000000000e+01 0.000000000000000000e+00 2.109826589595375779e-01 3.695652173913043237e-01 2.500000000000000000e-01 2.277227722772277307e-01
2.016010800000000000e+07 2.200000000000000000e+01 0.000000000000000000e+00 8.092485549132948097e-02 1.304347826086956486e-01 9.999999999999999167e-02 1.683168316831683275e-01
2.016010300000000000e+07 0.000000000000000000e+00 1.000000000000000000e+00 1.000000000000000000e+00 8.478260869565217295e-01 1.000000000000000000e+00 1.000000000000000000e+00
2.016011200000000000e+07 0.000000000000000000e+00 0.000000000000000000e+00 1.734104046242774394e-02 4.347826086956521618e-02 5.000000000000000278e-02 5.940594059405940319e-02
2.016011500000000000e+07 1.800000000000000000e+01 0.000000000000000000e+00 3.121387283236994326e-01 6.086956521739130821e-01 6.250000000000000000e-01 6.435643564356435808e-01
2.016010600000000000e+07 1.200000000000000000e+01 0.000000000000000000e+00 1.791907514450866989e-01 2.608695652173912971e-01 2.250000000000000333e-01 3.465346534653465094e-01
