20150205.0 14.0 0.0 0.041666666666666664 0.109375 0.09999999999999999 0.25925925925925924
20160102.0 10.0 1.0 0.5370370370370371 0.2890625 0.72 0.8611111111111112
20160108.0 1.0 0.0 0.0023148148148148147 0.015625 0.04 0.10185185185185185
20160113.0 14.0 0.0 0.037037037037037035 0.0546875 0.09999999999999999 0.23148148148148148
20160108.0 7.0 0.0 0.004629629629629629 0.015625 0.04 0.1111111111111111
20160108.0 22.0 0.0 0.06481481481481481 0.046875 0.07999999999999999 0.19444444444444445
20160107.0 2.0 0.0 0.034722222222222224 0.03125 0.07999999999999999 0.17592592592592593
20150222.0 1.0 0.0 0.6018518518518519 0.015625 0.04 0.0
20160118.0 12.0 0.0 0.04398148148148148 0.03125 0.0 0.037037037037037035
20160105.0 19.0 0.0 0.12037037037037036 0.03125 0.06 0.17592592592592593
20150225.0 13.0 0.0 0.2152777777777778 0.0625 0.18000000000000002 0.16666666666666666
20160112.0 9.0 0.0 0.009259259259259259 0.015625 0.04 0.09259259259259259
20160112.0 0.0 0.0 0.013888888888888888 0.015625 0.04 0.09259259259259259
20160113.0 17.0 0.0 0.04398148148148148 0.0625 0.09999999999999999 0.24074074074074073
20150207.0 20.0 0.0 0.020833333333333332 0.0625 0.04 0.07407407407407407
20160112.0 18.0 0.0 0.013888888888888888 0.0234375 0.04 0.09259259259259259
20160116.0 14.0 1.0 0.2800925925925926 0.3359375 0.45999999999999996 0.5555555555555556
20160102.0 19.0 1.0 0.625 0.3046875 0.76 0.9166666666666666
20160117.0 1.0 1.0 0.2777777777777778 0.3359375 0.43999999999999995 0.49074074074074076
20160111.0 22.0 0.0 0.011574074074074073 0.015625 0.04 0.09259259259259259
20160102.0 22.0 1.0 0.7314814814814815 0.3046875 0.8 0.9537037037037037
20160108.0 4.0 0.0 0.0 0.015625 0.04 0.1111111111111111
20160114.0 7.0 0.0 0.08564814814814815 0.09375 0.2 0.39814814814814814
20150217.0 0.0 0.0 0.05555555555555555 0.0625 0.06 0.12962962962962962
20160115.0 9.0 1.0 0.26157407407407407 0.2265625 0.5 0.6018518518518519
20160113.0 23.0 0.0 0.06018518518518518 0.078125 0.13999999999999999 0.2962962962962963
20160113.0 2.0 0.0 0.020833333333333332 0.0390625 0.07999999999999999 0.1388888888888889
20140203.0 6.0 1.0 0.3611111111111111 0.5546875 0.5199999999999999 0.6481481481481481
20160114.0 22.0 0.0 0.17592592592592593 0.15625 0.3 0.5
20160107.0 23.0 0.0 0.0023148148148148147 0.0078125 0.04 0.09259259259259259
20150210.0 4.0 1.0 0.2800925925925926 0.3515625 0.43999999999999995 0.7407407407407407
20160117.0 22.0 0.0 0.0787037037037037 0.078125 0.09999999999999999 0.1574074074074074
20160107.0 11.0 0.0 0.016203703703703703 0.0078125 0.04 0.06481481481481481
20160115.0 3.0 0.0 0.22916666666666666 0.1953125 0.38 0.5462962962962963
20160115.0 21.0 1.0 0.25 0.21875 0.5199999999999999 0.6481481481481481
20150224.0 10.0 1.0 0.4537037037037037 0.25 0.38 0.4166666666666667
20160106.0 21.0 0.0 0.0763888888888889 0.0625 0.13999999999999999 0.25925925925925924
20160117.0 13.0 0.0 0.20833333333333334 0.171875 0.26 0.3055555555555556
20160101.0 23.0 1.0 0.4398148148148148 0.2578125 0.6 0.8055555555555556
20160101.0 17.0 1.0 0.34953703703703703 0.234375 0.5199999999999999 0.7222222222222222
20140208.0 21.0 1.0 0.6550925925925926 0.78125 0.6399999999999999 0.8148148148148148
20160110.0 23.0 0.0 0.10648148148148148 0.1328125 0.24 0.37962962962962965
20160112.0 12.0 0.0 0.009259259259259259 0.015625 0.04 0.09259259259259259
20160113.0 20.0 0.0 0.05324074074074074 0.0703125 0.09999999999999999 0.26851851851851855
20150216.0 22.0 1.0 0.32175925925925924 0.2265625 0.41999999999999993 0.37037037037037035
20160109.0 3.0 0.0 0.12268518518518519 0.0703125 0.13999999999999999 0.2777777777777778
20160105.0 22.0 0.0 0.1597222222222222 0.046875 0.09999999999999999 0.2222222222222222
20140211.0 3.0 1.0 0.5393518518518519 0.6171875 0.7 0.8518518518518519
20160113.0 5.0 0.0 0.023148148148148147 0.0390625 0.07999999999999999 0.14814814814814814
20160112.0 6.0 0.0 0.009259259259259259 0.015625 0.04 0.09259259259259259
20160107.0 20.0 0.0 0.009259259259259259 0.0078125 0.04 0.07407407407407407
20160114.0 1.0 0.0 0.0625 0.078125 0.13999999999999999 0.32407407407407407
20160108.0 10.0 0.0 0.009259259259259259 0.015625 0.04 0.12037037037037036
20140213.0 9.0 0.0 0.19675925925925927 0.2421875 0.26 0.5277777777777778
20150221.0 23.0 1.0 0.3587962962962963 0.0546875 0.28 0.16666666666666666
20150220.0 9.0 1.0 0.027777777777777776 0.0546875 0.24 0.2222222222222222
20160103.0 0.0 1.0 0.8009259259259259 0.3046875 0.8 0.9722222222222222
20160111.0 10.0 0.0 0.06944444444444445 0.09375 0.16 0.2222222222222222
20160111.0 16.0 0.0 0.04398148148148148 0.0546875 0.09999999999999999 0.1574074074074074
20160106.0 12.0 0.0 0.14351851851851852 0.09375 0.18000000000000002 0.3611111111111111
20150218.0 3.0 0.0 0.09259259259259259 0.125 0.09999999999999999 0.1574074074074074
20150219.0 6.0 1.0 0.5347222222222222 0.4140625 0.26 0.25925925925925924
20160117.0 7.0 1.0 0.2662037037037037 0.2578125 0.36 0.42592592592592593
20160110.0 14.0 0.0 0.2037037037037037 0.1328125 0.26 0.46296296296296297
20150206.0 17.0 0.0 0.1412037037037037 0.21875 0.32 0.5370370370370371
20160118.0 6.0 0.0 0.046296296296296294 0.0390625 0.0 0.046296296296296294
20150208.0 23.0 0.0 0.034722222222222224 0.1171875 0.07999999999999999 0.14814814814814814
20160116.0 23.0 1.0 0.2847222222222222 0.34375 0.45999999999999996 0.5
20150227.0 19.0 1.0 0.2523148148148148 0.046875 0.22000000000000003 0.24074074074074073
20160106.0 18.0 0.0 0.10416666666666667 0.078125 0.16 0.3055555555555556
20140202.0 3.0 0.0 0.18518518518518517 0.1328125 0.2 0.1574074074074074
20150209.0 1.0 1.0 0.25462962962962965 0.359375 0.33999999999999997 0.6018518518518519
20160116.0 5.0 1.0 0.24537037037037038 0.2421875 0.41999999999999993 0.5740740740740741
20160117.0 16.0 0.0 0.16898148148148148 0.1328125 0.2 0.25
20140207.0 18.0 1.0 0.08101851851851852 0.5078125 0.38 0.5370370370370371
20160114.0 19.0 0.0 0.1527777777777778 0.140625 0.3 0.48148148148148145
20160115.0 18.0 1.0 0.25 0.21875 0.5 0.6388888888888888
20150202.0 2.0 1.0 0.32175925925925924 0.4296875 0.45999999999999996 0.6759259259259259
20160113.0 8.0 0.0 0.027777777777777776 0.0390625 0.07999999999999999 0.18518518518518517
20160114.0 4.0 0.0 0.0763888888888889 0.09375 0.18000000000000002 0.37962962962962965
20160116.0 8.0 1.0 0.24537037037037038 0.265625 0.4 0.5462962962962963
20160111.0 7.0 0.0 0.07175925925925926 0.1015625 0.16 0.25925925925925924
20160107.0 8.0 0.0 0.023148148148148147 0.015625 0.06 0.09259259259259259
20160101.0 14.0 1.0 0.30787037037037035 0.21875 0.48 0.6666666666666666
20160106.0 9.0 0.0 0.16666666666666666 0.0859375 0.18000000000000002 0.3611111111111111
20160118.0 9.0 0.0 0.041666666666666664 0.03125 0.0 0.046296296296296294
20160112.0 3.0 0.0 0.011574074074074073 0.015625 0.04 0.09259259259259259
20160102.0 1.0 1.0 0.47453703703703703 0.2734375 0.6399999999999999 0.8333333333333334
20160101.0 8.0 1.0 0.25462962962962965 0.1796875 0.41999999999999993 0.6203703703703703
20140212.0 6.0 0.0 0.016203703703703703 0.0859375 0.06 0.10185185185185185
20150203.0 5.0 1.0 0.14351851851851852 0.2109375 0.33999999999999997 0.4351851851851852
20160115.0 0.0 0.0 0.19444444444444445 0.171875 0.32 0.5185185185185185
20160110.0 20.0 0.0 0.1875 0.15625 0.28 0.4444444444444444
20150201.0 21.0 0.0 0.1875 0.3046875 0.33999999999999997 0.49074074074074076
20140210.0 22.0 1.0 0.8611111111111112 0.59375 1.0 1.0
20160117.0 19.0 0.0 0.12268518518518519 0.1015625 0.13999999999999999 0.18518518518518517
20150226.0 16.0 0.0 0.020833333333333332 0.03125 0.04 0.037037037037037035
20160117.0 10.0 0.0 0.24074074074074073 0.2109375 0.3 0.3611111111111111
20160109.0 21.0 0.0 0.21064814814814814 0.109375 0.26 0.46296296296296297
20150212.0 10.0 0.0 0.05787037037037037 0.109375 0.12000000000000002 0.2777777777777778
20160110.0 11.0 0.0 0.20601851851851852 0.125 0.24 0.46296296296296297
20160115.0 15.0 0.0 0.24074074074074073 0.2109375 0.48 0.6203703703703703
20160109.0 12.0 0.0 0.16203703703703703 0.0859375 0.2 0.37962962962962965
20140209.0 19.0 1.0 0.5300925925925926 1.0 0.6799999999999999 0.7222222222222222
20160107.0 17.0 0.0 0.011574074074074073 0.0 0.019999999999999997 0.06481481481481481
20160115.0 6.0 1.0 0.2638888888888889 0.2265625 0.48 0.6018518518518519
20150211.0 7.0 0.0 0.09027777777777778 0.1640625 0.16 0.2777777777777778
20160111.0 19.0 0.0 0.02546296296296296 0.03125 0.06 0.12037037037037036
20140206.0 15.0 1.0 0.43287037037037035 0.6015625 0.6 0.6851851851851852
20160106.0 0.0 0.0 0.18055555555555555 0.0546875 0.12000000000000002 0.25
20140205.0 12.0 1.0 1.0 0.765625 0.72 0.8888888888888888
20160101.0 2.0 0.0 0.24537037037037038 0.125 0.32 0.5370370370370371
