20160101.0 2.0 0.0 123.0 18.0 1.8 72.0
20160101.0 8.0 1.0 127.0 25.0 2.3 81.0
20160101.0 11.0 1.0 140.0 27.0 2.5 83.0
20160101.0 14.0 1.0 150.0 30.0 2.6 86.0
20160101.0 17.0 1.0 168.0 32.0 2.8 92.0
20160101.0 20.0 1.0 191.0 34.0 3.0 97.0
20160101.0 23.0 1.0 207.0 35.0 3.2 101.0
20160102.0 1.0 1.0 222.0 37.0 3.4 104.0
20160102.0 10.0 1.0 249.0 39.0 3.8 107.0
20160102.0 19.0 1.0 287.0 41.0 4.0 113.0
20160102.0 22.0 1.0 333.0 41.0 4.2 117.0
20160103.0 0.0 1.0 363.0 41.0 4.2 119.0
20160105.0 16.0 0.0 38.0 4.0 0.4 30.0
20160105.0 19.0 0.0 69.0 6.0 0.5 33.0
20160105.0 22.0 0.0 86.0 8.0 0.7 38.0
20160106.0 0.0 0.0 95.0 9.0 0.8 41.0
20160106.0 9.0 0.0 89.0 13.0 1.1 53.0
20160106.0 12.0 0.0 79.0 14.0 1.1 53.0
20160106.0 15.0 0.0 71.0 13.0 1.1 50.0
20160106.0 18.0 0.0 62.0 12.0 1.0 47.0
20160106.0 21.0 0.0 50.0 10.0 0.9 42.0
20160107.0 2.0 0.0 32.0 6.0 0.6 33.0
20160107.0 5.0 0.0 29.0 5.0 0.5 28.0
20160107.0 8.0 0.0 27.0 4.0 0.5 24.0
20160107.0 11.0 0.0 24.0 3.0 0.4 21.0
20160107.0 17.0 0.0 22.0 2.0 0.3 21.0
20160107.0 20.0 0.0 21.0 3.0 0.4 22.0
20160107.0 23.0 0.0 18.0 3.0 0.4 24.0
20160108.0 1.0 0.0 18.0 4.0 0.4 25.0
20160108.0 4.0 0.0 17.0 4.0 0.4 26.0
20160108.0 7.0 0.0 19.0 4.0 0.4 26.0
20160108.0 10.0 0.0 21.0 4.0 0.4 27.0
20160108.0 16.0 0.0 21.0 5.0 0.5 28.0
20160108.0 19.0 0.0 27.0 5.0 0.5 31.0
20160108.0 22.0 0.0 45.0 8.0 0.6 35.0
20160109.0 0.0 0.0 56.0 9.0 0.7 38.0
20160109.0 3.0 0.0 70.0 11.0 0.9 44.0
20160109.0 12.0 0.0 87.0 13.0 1.2 55.0
20160109.0 18.0 0.0 104.0 16.0 1.4 63.0
20160109.0 21.0 0.0 108.0 16.0 1.5 64.0
20160110.0 11.0 0.0 106.0 18.0 1.4 64.0
20160110.0 14.0 0.0 105.0 19.0 1.5 64.0
20160110.0 17.0 0.0 107.0 21.0 1.6 65.0
20160110.0 20.0 0.0 98.0 22.0 1.6 62.0
20160110.0 23.0 0.0 63.0 19.0 1.4 55.0
20160111.0 1.0 0.0 57.0 17.0 1.2 51.0
20160111.0 4.0 0.0 53.0 15.0 1.1 46.0
20160111.0 7.0 0.0 48.0 15.0 1.0 42.0
20160111.0 10.0 0.0 47.0 14.0 1.0 38.0
20160111.0 16.0 0.0 36.0 9.0 0.7 31.0
20160111.0 19.0 0.0 28.0 6.0 0.5 27.0
20160111.0 22.0 0.0 22.0 4.0 0.4 24.0
20160112.0 0.0 0.0 23.0 4.0 0.4 24.0
20160112.0 3.0 0.0 22.0 4.0 0.4 24.0
20160112.0 6.0 0.0 21.0 4.0 0.4 24.0
20160112.0 9.0 0.0 21.0 4.0 0.4 24.0
20160112.0 12.0 0.0 21.0 4.0 0.4 24.0
20160112.0 18.0 0.0 23.0 5.0 0.4 24.0
20160112.0 21.0 0.0 24.0 6.0 0.5 26.0
20160113.0 2.0 0.0 26.0 7.0 0.6 29.0
20160113.0 5.0 0.0 27.0 7.0 0.6 30.0
20160113.0 8.0 0.0 29.0 7.0 0.6 34.0
20160113.0 14.0 0.0 33.0 9.0 0.7 39.0
20160113.0 17.0 0.0 36.0 10.0 0.7 40.0
20160113.0 20.0 0.0 40.0 11.0 0.7 43.0
20160113.0 23.0 0.0 43.0 12.0 0.9 46.0
20160114.0 1.0 0.0 44.0 12.0 0.9 49.0
20160114.0 4.0 0.0 50.0 14.0 1.1 55.0
20160114.0 7.0 0.0 54.0 14.0 1.2 57.0
20160114.0 10.0 0.0 67.0 17.0 1.4 60.0
20160114.0 13.0 0.0 75.0 18.0 1.5 62.0
20160114.0 16.0 0.0 77.0 19.0 1.6 64.0
20160114.0 19.0 0.0 83.0 20.0 1.7 66.0
20160114.0 22.0 0.0 93.0 22.0 1.7 68.0
20160115.0 0.0 0.0 101.0 24.0 1.8 70.0
20160115.0 3.0 0.0 116.0 27.0 2.1 73.0
20160115.0 6.0 1.0 131.0 31.0 2.6 79.0
20160115.0 9.0 1.0 130.0 31.0 2.7 79.0
20160115.0 12.0 1.0 123.0 29.0 2.6 79.0
20160115.0 15.0 0.0 121.0 29.0 2.6 81.0
20160115.0 18.0 1.0 125.0 30.0 2.7 83.0
20160115.0 21.0 1.0 125.0 30.0 2.8 84.0
20160116.0 5.0 1.0 123.0 33.0 2.3 76.0
20160116.0 8.0 1.0 123.0 36.0 2.2 73.0
20160116.0 11.0 1.0 131.0 40.0 2.4 74.0
20160116.0 14.0 1.0 138.0 45.0 2.5 74.0
20160116.0 17.0 1.0 144.0 47.0 2.6 74.0
20160116.0 20.0 1.0 148.0 48.0 2.6 73.0
20160116.0 23.0 1.0 140.0 46.0 2.5 68.0
20160117.0 1.0 1.0 137.0 45.0 2.4 67.0
20160117.0 7.0 1.0 132.0 35.0 2.0 60.0
20160117.0 10.0 0.0 121.0 29.0 1.7 53.0
20160117.0 13.0 0.0 107.0 24.0 1.5 47.0
20160117.0 16.0 0.0 90.0 19.0 1.2 41.0
20160117.0 19.0 0.0 70.0 15.0 0.9 34.0
20160117.0 22.0 0.0 51.0 12.0 0.7 31.0
20160118.0 3.0 0.0 38.0 8.0 0.3 22.0
20160118.0 6.0 0.0 37.0 7.0 0.2 19.0
20160118.0 9.0 0.0 35.0 6.0 0.2 19.0
20160118.0 12.0 0.0 36.0 6.0 0.2 18.0
20140201.0 0.0 1.0 146.0 52.0 2.0 57.0
20140202.0 3.0 0.0 97.0 19.0 1.2 31.0
20140203.0 6.0 1.0 173.0 73.0 2.8 84.0
20140204.0 9.0 1.0 295.0 73.0 3.1 95.0
20140205.0 12.0 1.0 449.0 100.0 3.8 110.0
20140206.0 15.0 1.0 204.0 79.0 3.2 88.0
20140207.0 18.0 1.0 52.0 67.0 2.1 72.0
20140208.0 21.0 1.0 300.0 102.0 3.4 102.0
20140209.0 19.0 1.0 246.0 130.0 3.6 92.0
20140210.0 22.0 1.0 389.0 78.0 5.2 122.0
20140211.0 3.0 1.0 250.0 81.0 3.7 106.0
20140212.0 6.0 0.0 24.0 13.0 0.5 25.0
20140213.0 9.0 0.0 102.0 33.0 1.5 71.0
20150201.0 21.0 0.0 98.0 41.0 1.9 67.0
20150202.0 2.0 1.0 156.0 57.0 2.5 87.0
20150203.0 5.0 1.0 79.0 29.0 1.9 61.0
20150204.0 8.0 0.0 32.0 9.0 0.4 20.0
20150205.0 14.0 0.0 35.0 16.0 0.7 42.0
20150206.0 17.0 0.0 78.0 30.0 1.8 72.0
20150207.0 20.0 0.0 26.0 10.0 0.4 22.0
20150208.0 23.0 0.0 32.0 17.0 0.6 30.0
20150209.0 1.0 1.0 127.0 48.0 1.9 79.0
20150210.0 4.0 1.0 138.0 47.0 2.4 94.0
20150211.0 7.0 0.0 56.0 23.0 1.0 44.0
20150212.0 10.0 0.0 42.0 16.0 0.8 44.0
20150213.0 13.0 1.0 131.0 34.0 2.1 83.0
20150214.0 16.0 1.0 239.0 55.0 3.2 109.0
20150215.0 19.0 1.0 308.0 78.0 4.4 113.0
20150216.0 22.0 1.0 156.0 31.0 2.3 54.0
20150217.0 0.0 0.0 41.0 10.0 0.5 28.0
20150218.0 3.0 0.0 57.0 18.0 0.7 31.0
20150219.0 6.0 1.0 248.0 55.0 1.5 42.0
20150220.0 9.0 1.0 29.0 9.0 1.4 38.0
20150221.0 23.0 1.0 172.0 9.0 1.6 32.0
20150222.0 1.0 0.0 277.0 4.0 0.4 14.0
20150223.0 7.0 0.0 114.0 21.0 0.8 34.0
20150224.0 10.0 1.0 213.0 34.0 2.1 59.0
20150225.0 13.0 0.0 110.0 10.0 1.1 32.0
20150226.0 16.0 0.0 26.0 6.0 0.4 18.0
20150227.0 19.0 1.0 126.0 8.0 1.3 40.0
