2.016010200000000000e+07 1.000000000000000000e+00 1.000000000000000000e+00 4.745370370370370350e-01 2.734375000000000000e-01 6.399999999999999023e-01 8.333333333333333703e-01 1.000000000000000000e+00 8.502665152380963765e-01
2.016010200000000000e+07 1.900000000000000000e+01 1.000000000000000000e+00 6.250000000000000000e-01 3.046875000000000000e-01 7.600000000000000089e-01 9.166666666666666297e-01 1.000000000000000000e+00 9.218159500895356517e-01
2.016010500000000000e+07 1.900000000000000000e+01 0.000000000000000000e+00 1.203703703703703637e-01 3.125000000000000000e-02 5.999999999999999778e-02 1.759259259259259300e-01 0.000000000000000000e+00 1.412609053186796859e-01
2.016010600000000000e+07 2.100000000000000000e+01 0.000000000000000000e+00 7.638888888888889506e-02 6.250000000000000000e-02 1.399999999999999856e-01 2.592592592592592449e-01 0.000000000000000000e+00 1.854346522011416087e-01
2.016010700000000000e+07 5.000000000000000000e+00 0.000000000000000000e+00 2.777777777777777624e-02 2.343750000000000000e-02 5.999999999999999778e-02 1.296296296296296224e-01 0.000000000000000000e+00 1.145053348228083773e-01
2.016010700000000000e+07 1.700000000000000000e+01 0.000000000000000000e+00 1.157407407407407343e-02 0.000000000000000000e+00 1.999999999999999695e-02 6.481481481481481122e-02 0.000000000000000000e+00 8.929029072442110082e-02
2.016010900000000000e+07 1.200000000000000000e+01 0.000000000000000000e+00 1.620370370370370350e-01 8.593750000000000000e-02 2.000000000000000111e-01 3.796296296296296502e-01 0.000000000000000000e+00 2.792886630074480347e-01
2.016011100000000000e+07 1.900000000000000000e+01 0.000000000000000000e+00 2.546296296296296155e-02 3.125000000000000000e-02 5.999999999999999778e-02 1.203703703703703637e-01 0.000000000000000000e+00 1.138974184218205093e-01
2.016011200000000000e+07 1.800000000000000000e+01 0.000000000000000000e+00 1.388888888888888812e-02 2.343750000000000000e-02 4.000000000000000083e-02 9.259259259259258745e-02 0.000000000000000000e+00 1.015101522306420673e-01
2.016011300000000000e+07 8.000000000000000000e+00 0.000000000000000000e+00 2.777777777777777624e-02 3.906250000000000000e-02 7.999999999999998779e-02 1.851851851851851749e-01 0.000000000000000000e+00 1.331985709272442975e-01
2.016011300000000000e+07 1.700000000000000000e+01 0.000000000000000000e+00 4.398148148148148251e-02 6.250000000000000000e-02 9.999999999999999167e-02 2.407407407407407274e-01 0.000000000000000000e+00 1.596236774984092499e-01
2.016011400000000000e+07 7.000000000000000000e+00 0.000000000000000000e+00 8.564814814814815380e-02 9.375000000000000000e-02 2.000000000000000111e-01 3.981481481481481399e-01 0.000000000000000000e+00 2.644053181521383022e-01
2.016011400000000000e+07 1.600000000000000000e+01 0.000000000000000000e+00 1.388888888888888951e-01 1.328125000000000000e-01 2.800000000000000266e-01 4.629629629629629650e-01 0.000000000000000000e+00 3.629320227975445512e-01
2.016011400000000000e+07 1.900000000000000000e+01 0.000000000000000000e+00 1.527777777777777901e-01 1.406250000000000000e-01 2.999999999999999889e-01 4.814814814814814548e-01 0.000000000000000000e+00 3.903063604612770354e-01
2.016011500000000000e+07 1.500000000000000000e+01 0.000000000000000000e+00 2.407407407407407274e-01 2.109375000000000000e-01 4.799999999999999822e-01 6.203703703703703498e-01 1.000000000000000000e+00 6.217222747240838121e-01
2.016011600000000000e+07 1.700000000000000000e+01 1.000000000000000000e+00 2.939814814814814548e-01 3.515625000000000000e-01 4.799999999999999822e-01 5.555555555555555802e-01 1.000000000000000000e+00 6.716456781386713759e-01
2.016011600000000000e+07 2.000000000000000000e+01 1.000000000000000000e+00 3.032407407407407551e-01 3.593750000000000000e-01 4.799999999999999822e-01 5.462962962962962798e-01 1.000000000000000000e+00 6.743584611142361407e-01
2.016011700000000000e+07 1.900000000000000000e+01 0.000000000000000000e+00 1.226851851851851888e-01 1.015625000000000000e-01 1.399999999999999856e-01 1.851851851851851749e-01 0.000000000000000000e+00 1.874786956230089230e-01
2.016011800000000000e+07 3.000000000000000000e+00 0.000000000000000000e+00 4.861111111111111188e-02 4.687500000000000000e-02 1.999999999999999695e-02 7.407407407407406996e-02 0.000000000000000000e+00 1.029068195309638112e-01
2.014020200000000000e+07 3.000000000000000000e+00 0.000000000000000000e+00 1.851851851851851749e-01 1.328125000000000000e-01 2.000000000000000111e-01 1.574074074074074125e-01 0.000000000000000000e+00 2.289357316657024966e-01
2.014020600000000000e+07 1.500000000000000000e+01 1.000000000000000000e+00 4.328703703703703498e-01 6.015625000000000000e-01 5.999999999999999778e-01 6.851851851851852304e-01 1.000000000000000000e+00 8.689903709909801988e-01
2.015020100000000000e+07 2.100000000000000000e+01 0.000000000000000000e+00 1.875000000000000000e-01 3.046875000000000000e-01 3.399999999999999689e-01 4.907407407407407551e-01 1.000000000000000000e+00 5.026495873227729838e-01
2.015020700000000000e+07 2.000000000000000000e+01 0.000000000000000000e+00 2.083333333333333218e-02 6.250000000000000000e-02 4.000000000000000083e-02 7.407407407407406996e-02 0.000000000000000000e+00 1.059204660019444771e-01
2.015021300000000000e+07 1.300000000000000000e+01 1.000000000000000000e+00 2.638888888888888951e-01 2.500000000000000000e-01 3.800000000000000044e-01 6.388888888888888395e-01 1.000000000000000000e+00 5.963123898803297518e-01
2.015021500000000000e+07 1.900000000000000000e+01 1.000000000000000000e+00 6.736111111111111605e-01 5.937500000000000000e-01 8.400000000000000799e-01 9.166666666666666297e-01 1.000000000000000000e+00 9.625600910732721172e-01
2.015021700000000000e+07 0.000000000000000000e+00 0.000000000000000000e+00 5.555555555555555247e-02 6.250000000000000000e-02 5.999999999999999778e-02 1.296296296296296224e-01 0.000000000000000000e+00 1.264230158895866540e-01
2.015022100000000000e+07 2.300000000000000000e+01 1.000000000000000000e+00 3.587962962962962798e-01 5.468750000000000000e-02 2.800000000000000266e-01 1.666666666666666574e-01 0.000000000000000000e+00 2.962791419330753073e-01
2.015022500000000000e+07 1.300000000000000000e+01 0.000000000000000000e+00 2.152777777777777901e-01 6.250000000000000000e-02 1.800000000000000211e-01 1.666666666666666574e-01 0.000000000000000000e+00 2.103501171957190830e-01
