20160101,2,85,123,18,1.8,72
20160101,8,114,127,25,2.3,81
20160101,11,123,140,27,2.5,83
20160101,14,134,150,30,2.6,86
20160101,17,150,168,32,2.8,92
20160101,20,166,191,34,3,97
20160101,23,179,207,35,3.2,101
20160102,1,190,222,37,3.4,104
20160102,10,225,249,39,3.8,107
20160102,19,244,287,41,4,113
20160102,22,269,333,41,4.2,117
20160103,0,287,363,41,4.2,119
20160105,16,16,38,4,0.4,30
20160105,19,21,69,6,0.5,33
20160105,22,32,86,8,0.7,38
20160106,0,40,95,9,0.8,41
20160106,9,49,89,13,1.1,53
20160106,12,50,79,14,1.1,53
20160106,15,49,71,13,1.1,50
20160106,18,44,62,12,1,47
20160106,21,34,50,10,0.9,42
20160107,2,18,32,6,0.6,33
20160107,5,16,29,5,0.5,28
20160107,8,14,27,4,0.5,24
20160107,11,11,24,3,0.4,21
20160107,17,10,22,2,0.3,21
20160107,20,11,21,3,0.4,22
20160107,23,11,18,3,0.4,24
20160108,1,12,18,4,0.4,25
20160108,4,12,17,4,0.4,26
20160108,7,12,19,4,0.4,26
20160108,10,13,21,4,0.4,27
20160108,16,13,21,5,0.5,28
20160108,19,16,27,5,0.5,31
20160108,22,30,45,8,0.6,35
20160109,0,40,56,9,0.7,38
20160109,3,54,70,11,0.9,44
20160109,12,63,87,13,1.2,55
20160109,18,73,104,16,1.4,63
20160109,21,76,108,16,1.5,64
20160110,11,70,106,18,1.4,64
20160110,14,71,105,19,1.5,64
20160110,17,74,107,21,1.6,65
20160110,20,69,98,22,1.6,62
20160110,23,49,63,19,1.4,55
20160111,1,41,57,17,1.2,51
20160111,4,36,53,15,1.1,46
20160111,7,34,48,15,1,42
20160111,10,32,47,14,1,38
20160111,16,22,36,9,0.7,31
20160111,19,16,28,6,0.5,27
20160111,22,11,22,4,0.4,24
20160112,0,12,23,4,0.4,24
20160112,3,11,22,4,0.4,24
20160112,6,12,21,4,0.4,24
20160112,9,12,21,4,0.4,24
20160112,12,12,21,4,0.4,24
20160112,18,12,23,5,0.4,24
20160112,21,12,24,6,0.5,26
20160113,2,13,26,7,0.6,29
20160113,5,13,27,7,0.6,30
20160113,8,13,29,7,0.6,34
20160113,14,15,33,9,0.7,39
20160113,17,16,36,10,0.7,40
20160113,20,18,40,11,0.7,43
20160113,23,21,43,12,0.9,46
20160114,1,22,44,12,0.9,49
20160114,4,26,50,14,1.1,55
20160114,7,29,54,14,1.2,57
20160114,10,39,67,17,1.4,60
20160114,13,49,75,18,1.5,62
20160114,16,55,77,19,1.6,64
20160114,19,60,83,20,1.7,66
20160114,22,70,93,22,1.7,68
20160115,0,79,101,24,1.8,70
20160115,3,94,116,27,2.1,73
20160115,6,108,131,31,2.6,79
20160115,9,109,130,31,2.7,79
20160115,12,102,123,29,2.6,79
20160115,15,98,121,29,2.6,81
20160115,18,102,125,30,2.7,83
20160115,21,102,125,30,2.8,84
20160116,5,103,123,33,2.3,76
20160116,8,101,123,36,2.2,73
20160116,11,108,131,40,2.4,74
20160116,14,114,138,45,2.5,74
20160116,17,120,144,47,2.6,74
20160116,20,124,148,48,2.6,73
20160116,23,122,140,46,2.5,68
20160117,1,118,137,45,2.4,67
20160117,7,108,132,35,2,60
20160117,10,98,121,29,1.7,53
20160117,13,89,107,24,1.5,47
20160117,16,76,90,19,1.2,41
20160117,19,61,70,15,0.9,34
20160117,22,45,51,12,0.7,31
20160118,3,20,38,8,0.3,22
20160118,6,14,37,7,0.2,19
20160118,9,13,35,6,0.2,19
20160118,12,11,36,6,0.2,18
20140201,0,135,146,52,2,57
20140202,3,66,97,19,1.2,31
20140203,6,188,173,73,2.8,84
20140204,9,265,295,73,3.1,95
20140205,12,393,449,100,3.8,110
20140206,15,296,204,79,3.2,88
20140207,18,105,52,67,2.1,72
20140208,21,263,300,102,3.4,102
20140209,19,211,246,130,3.6,92
20140210,22,354,389,78,5.2,122
20140211,3,316,250,81,3.7,106
20140212,6,16,24,13,0.5,25
20140213,9,78,102,33,1.5,71
20150201,21,77,98,41,1.9,67
20150202,2,139,156,57,2.5,87
20150203,5,117,79,29,1.9,61
20150204,8,10,32,9,0.4,20
20150205,14,27,35,16,0.7,42
20150206,17,65,78,30,1.8,72
20150207,20,13,26,10,0.4,22
20150208,23,24,32,17,0.6,30
20150209,1,109,127,48,1.9,79
20150210,4,123,138,47,2.4,94
20150211,7,41,56,23,1,44
20150212,10,32,42,16,0.8,44
20150213,13,121,131,34,2.1,83
20150214,16,236,239,55,3.2,109
20150215,19,284,308,78,4.4,113
20150216,22,121,156,31,2.3,54
20150217,0,22,41,10,0.5,28
20150218,3,46,57,18,0.7,31
20150219,6,218,248,55,1.5,42
20150220,9,138,29,9,1.4,38
20150221,23,152,172,9,1.6,32
20150222,1,42,277,4,0.4,14
20150223,7,55,114,21,0.8,34
20150224,10,153,213,34,2.1,59
20150225,13,77,110,10,1.1,32
20150226,16,13,26,6,0.4,18
20150227,19,123,126,8,1.3,40